-14 -14 0 16 -22 -28 -1 -7 -32 -32
-32 -32 -9 10 -32 -8 -26 -32 -32 -32
-32 -24 -5 4 -32 -13 8 -32 -32 -32
-17 -23 -11 0 -2 -32 14 -2 -32 -32
12 -9 7 20 -15 -9 -32 -9 -32 -32
-32 -32 -15 -5 -32 -18 -1 -32 -32 -32
1 -26 8 26 -11 -7 -32 -15 -32 -32
0 1 6 16 0 -9 -26 -14 -32 -32
-32 -8 -1 -1 -3 -9 -2 -32 -32 -5
18 -9 10 20 4 -18 -32 -3 -32 -32
16 -8 5 17 -5 -23 -16 -5 -32 -32
12 -11 14 25 7 0 -32 -13 -32 -32
1 -11 5 12 -4 -16 -16 -7 -32 -32
-25 -21 -15 -12 -12 -29 14 -32 -32 -32
-20 -10 5 6 8 7 -20 -22 -32 -18
19 -9 17 27 8 -5 -32 -4 -32 -32
-14 -31 -2 17 6 2 -32 -8 -32 -32
0 2 6 8 0 -3 -13 -17 -32 -12
-5 -14 3 17 -26 -17 -17 -12 -32 -32
-6 -9 -4 3 -15 -32 3 -7 -32 -32
-32 -15 -9 -12 -29 -19 -5 -32 -32 -32
-22 -32 -2 1 -28 -10 -5 -32 -32 4
16 -15 11 28 6 -15 -32 -8 -32 -32
3 -11 7 12 -5 -5 -7 -22 -32 -32
5 -11 11 11 -7 -24 -14 -10 -32 -32
-21 -5 2 -1 -3 -6 -4 -32 -32 -11
11 -18 10 23 2 -2 -32 -22 -32 -32
-18 -31 -15 -6 25 -4 -4 -31 -32 -32
-32 -32 7 25 -32 -12 -10 -32 -32 -32
-31 -21 14 16 -6 -2 1 -32 -32 -32
-32 -21 0 0 -20 -10 0 -32 -32 -32
-32 -32 -32 -32 -32 -32 28 -32 -32 -32
-32 -32 1 8 1 0 -17 -32 -32 -32
12 -9 5 17 -2 -8 -18 -20 -32 -32
15 -20 0 7 8 -17 -27 -22 -32 -32
1 -7 3 4 -5 -6 0 -22 -32 -9
0 -5 13 14 2 -15 -24 5 -32 -32
-32 -32 -14 -20 7 -22 17 -32 -32 -32
11 10 9 19 9 -14 -27 3 -32 -32
-18 -10 0 10 16 -2 2 -15 -32 -32
-13 -1 4 1 3 -6 1 -14 -32 -5
3 -14 15 20 -9 0 -32 -12 -32 -32
-24 -32 -2 5 -32 -12 -9 -32 -32 -32
-32 -5 15 21 -32 7 -32 -32 -32 -21
-2 -9 9 13 -6 -9 -12 -21 -32 -32
-6 -21 9 13 -14 -8 -9 -32 -32 -32
5 -11 12 19 3 3 -18 -8 -32 -32
-20 -10 10 25 -24 -13 -22 -1 -32 -32
-32 -20 7 23 -32 -1 -31 -32 -32 -32
-10 -21 0 1 -10 -16 -6 -32 -32 -25
3 0 4 19 7 -8 -20 -17 -32 -32
-32 -3 19 23 -30 6 -32 -32 -32 -32
-32 -32 -12 -4 26 -14 13 -32 -32 -32
-13 -26 -1 1 0 -5 -4 -32 -32 -32
-32 -32 -29 -32 -31 -9 -12 -32 -32 -29
-4 -9 -3 8 -17 -10 -8 -28 -32 -32
-23 -5 -6 -1 -2 -24 20 -27 -32 -30
0 -27 4 17 -7 8 -32 -16 -32 -32
-8 -25 2 18 -32 -13 -12 -23 -32 -32
11 -11 6 12 3 -19 -13 -10 -32 -32
14 -7 5 16 3 -12 -19 3 -32 -32
-32 -7 14 13 -21 3 -32 -32 -32 -27
1 -21 9 10 -2 -3 -26 -32 -32 -28
-32 -32 -20 -19 -3 -25 2 -32 -32 -32
-6 -18 -13 -2 -7 -19 6 -18 -32 -25
8 20 10 17 -5 -6 -24 -7 -32 -32
-3 -5 5 6 -15 -13 -21 -32 -32 -16
-8 -11 0 3 -10 -22 10 -16 -32 -32
-20 -4 15 8 2 8 -14 -32 -32 -32
-7 -30 3 2 -26 -16 -2 -22 -32 -25
-1 7 9 15 3 -11 -14 1 -32 -32
7 -27 5 14 5 -8 -31 -15 -32 -32
8 -32 -3 15 -7 -8 -32 -13 -32 -32
11 -2 5 11 -7 -17 -16 -12 -32 -32
16 -12 7 22 9 -21 -26 -1 -32 -32
7 2 9 13 -12 -17 -17 -3 -32 -32
5 -11 3 -5 -18 -3 -1 -32 -32 -12
-32 -32 -9 -5 -32 -18 5 -32 -32 -32
-5 -9 7 15 1 -9 -11 -9 -32 -32
-32 -32 -8 8 -32 -14 3 -32 -32 -32
9 2 10 16 -1 -21 -19 1 -32 -32
3 -26 16 20 -17 -12 -30 -9 -32 -32
-32 -9 0 -5 0 -20 15 -29 -32 -20
-5 1 4 7 -6 -8 -3 -12 -32 -32
10 10 8 21 0 -15 -18 7 -32 -32
18 9 12 24 9 -14 -32 -2 -32 -32
5 -11 8 23 -7 -13 -32 0 -32 -32
7 -22 13 20 -2 -8 -32 -12 -32 -32
-32 -32 0 6 -32 -7 3 -32 -32 -32
-32 -27 14 23 -30 1 -30 -32 -32 -32
-7 -21 4 12 -26 -23 -13 -32 -32 -32
-32 -20 20 18 -15 -4 -2 -32 -32 -32
-32 -9 17 17 -13 12 -17 -32 -32 -32
-15 -32 -27 -25 -27 -30 19 -32 -32 -32
-32 -7 10 2 -32 8 -32 -32 -32 -10
-32 -32 8 21 -32 -2 -29 -32 -32 -32
-32 -12 15 16 -13 6 -32 -32 -32 -11
16 -14 8 20 4 -19 -30 -7 -32 -32
-19 -28 -10 -11 -32 -17 3 -32 -32 -32
-6 -13 -1 2 -19 -21 -8 -32 -32 -20
-32 -32 -19 -11 -32 -31 22 -32 -32 -32
0 -27 2 18 -17 -5 -32 -5 -32 -32
-8 -18 2 8 -20 -22 -9 -32 -32 -31
-16 -24 5 18 -32 -21 -10 -32 -32 -32
-32 -24 2 15 -22 0 -32 -32 -32 -32
11 -19 -10 -5 -9 -26 -2 -23 -32 -32
-1 -3 4 9 -19 -13 -18 -1 -32 -32
-32 -14 14 12 -14 1 -25 -32 -32 -30
-6 -32 0 2 -2 -7 -10 -32 -32 -29
-32 -16 2 -7 -22 4 -27 -32 -32 -10
12 -23 15 26 4 -3 -32 -8 -32 -32
12 5 16 22 3 -7 -31 4 -32 -32
-27 -32 6 8 -32 1 -27 -32 -32 -32
5 -3 11 24 -6 -10 -21 -17 -32 -32
-31 -4 17 20 -11 16 -32 -32 -32 -32
4 -5 14 16 -11 -10 -19 -11 -32 -32
11 -29 3 19 -5 -8 -32 -14 -32 -32
-32 -4 16 13 -9 12 -32 -32 -32 -22
18 1 10 17 10 -17 -20 2 -32 -32
-5 -21 11 13 -25 -13 -22 -32 -32 -32
-28 -32 -3 -5 -26 -10 6 -32 -32 -32
-21 3 16 13 -21 -3 -30 -32 -32 -9
8 -29 0 8 -13 -13 -10 -32 -32 -15
-26 0 -5 9 -17 11 -32 -26 -32 13
19 16 18 21 9 -13 -31 7 -32 -32
-18 -32 -20 -11 -25 -32 31 -29 -32 -32
11 -8 4 20 0 -17 -20 4 -32 -32
12 -32 10 10 -3 -19 -10 -15 -32 -32
-15 -14 -1 5 -5 5 -22 -32 -32 -5
-32 -2 19 21 -29 15 -32 -32 -32 -25
7 -27 1 12 -8 -4 -17 -30 -32 -11
11 -32 -9 -4 -25 -32 -10 -28 -32 -29
15 -27 6 3 -7 -17 -12 -15 -32 -32
6 9 8 19 3 -14 -18 3 -32 -32
14 -15 7 24 4 -10 -32 -6 -32 -32
-17 -27 -14 -20 -23 -31 17 -32 -32 -25
16 -28 5 19 6 -9 -32 -19 -32 -32
0 -20 6 15 13 2 -29 -14 -32 -32
-16 -23 8 8 -12 4 -15 -32 -32 -32
11 -2 14 20 -3 -12 -21 -5 -32 -32
-19 -30 -5 13 -32 -20 0 -30 -32 -32
-4 -15 -3 5 -3 -16 1 -25 -32 -32
-32 -28 4 28 -32 -24 -10 -32 -32 -32
14 -14 -4 -1 -8 -13 -7 -29 -32 -3
10 4 10 23 -3 -17 -24 -2 -32 -32
-31 -11 16 25 -29 2 -24 -32 -32 -32
-3 -32 -15 -15 -21 -18 7 -32 -32 -16
-7 -21 6 11 -18 -10 -8 -32 -32 -32
-2 -13 -3 -12 -24 -9 4 -32 -32 4
-32 -32 -10 -6 -32 -15 -5 -32 -32 -32
11 27 8 18 0 -6 -24 3 -32 -32
12 0 11 22 7 -8 -27 -6 -32 -32
-32 -32 -28 -18 -32 -32 26 -32 -32 -32
-4 -12 -4 15 -1 -22 -3 -18 -32 -32
8 -3 11 20 -2 -6 -22 -19 -32 -32
15 -20 13 22 7 -4 -32 -5 -32 -32
-26 -16 0 25 -32 -28 -9 -32 -32 -32
11 -32 1 5 -28 -23 -13 -22 -32 -32
-29 -30 4 21 -32 -21 -6 -32 -32 -32
-27 -9 13 12 -18 6 -32 -32 -32 -32
-32 -32 -32 -32 -32 -32 31 -32 -32 -32
-32 -32 -31 -24 -32 -32 31 -32 -32 -32
20 -4 11 25 8 -16 -32 5 -32 -32
-32 -26 -10 -10 -8 -17 -9 -32 -32 -23
-8 -32 2 6 -32 -25 -21 -32 -32 -32
-7 -15 13 24 -12 -17 -23 -16 -32 -32
-32 -32 -8 -2 -32 -25 7 -32 -32 -32
-32 -32 3 16 -32 -8 -32 -32 -32 -32
-32 -10 14 5 -19 -1 -4 -32 -32 -32
-32 -32 -9 10 -32 -10 7 -32 -32 -32
-32 -32 -32 -24 -29 -32 31 -32 -32 -32
10 -7 6 20 5 -14 -23 -10 -32 -32
2 -16 -8 0 4 -5 -5 -26 -32 5
-32 -32 -32 -23 -32 -32 25 -32 -32 -32
-32 -32 -9 5 -32 -11 4 -32 -32 -32
-5 -20 5 11 -16 -13 -10 -32 -32 -32
-32 -19 -4 -17 -2 -4 1 -32 -32 1
10 -10 9 23 5 -17 -20 -16 -32 -32
-13 -32 -25 -1 -32 -27 -11 -32 -32 -32
-32 -32 -32 -21 -32 -32 31 -32 -32 -32
6 -13 9 17 3 -17 -24 3 -32 -32
15 3 9 20 -2 -19 -25 -3 -32 -32
-32 -18 3 0 -2 -12 4 -32 -32 -20
4 -8 8 13 -10 -17 -15 -25 -32 -32
-32 -32 2 20 -32 0 -32 -32 -32 -32
10 1 9 20 -2 -11 -26 -10 -32 -32
13 -4 12 19 6 -16 -32 6 -32 -32
-32 -22 -8 20 -32 -32 -5 -32 -32 -32
-8 -4 -7 -6 3 -18 15 -32 -32 2
-1 -1 5 9 2 -2 -17 -32 -32 -32
-32 -32 -25 -9 -32 -18 9 -32 -32 -32
-32 -13 11 12 -23 -4 -32 -32 -32 -5
15 -10 11 22 -5 -16 -32 1 -32 -32
10 -5 14 24 0 -12 -26 -2 -32 -32
-17 -14 8 19 -26 -13 0 -13 -32 -32
-24 1 15 20 -9 12 -32 -32 -32 -10
-7 -30 -9 -16 1 -17 2 -32 -32 -9
-32 -11 -3 0 11 -13 -2 -32 -32 -15
-5 -12 12 18 -23 -11 -19 -32 -32 -32
8 -23 0 -2 -14 -17 -6 -26 -32 -32
-32 -32 6 22 -32 -12 -27 -32 -32 -32
3 4 6 18 -3 -9 -17 -11 -32 -32
-5 -5 1 8 -5 -11 -3 -32 -32 -10
2 -3 6 16 -16 -21 -20 -32 -32 -32
-32 -32 -13 -10 -32 -27 17 -27 -32 -32
-4 2 8 14 -4 -17 -1 -1 -32 -32
-19 -19 2 4 -9 -13 3 -32 -32 -32
3 -3 10 14 -4 -13 -11 2 -32 -32
12 6 12 12 -3 -9 -22 4 -32 -32
14 -6 17 22 2 -7 -32 1 -32 -32
6 -14 6 8 -6 -12 -17 -5 -32 -32
-26 -32 -29 -32 -22 -11 -1 -32 -32 -32
12 0 6 13 -13 -18 -17 -6 -32 -32
-5 9 4 12 1 -9 -3 0 -32 -32
-32 -24 -3 5 -32 -8 -22 -32 -32 -32
2 -12 9 13 -9 -10 -27 -29 -32 -27
-32 -32 -32 -15 -32 -32 31 -32 -32 -32
15 -11 15 26 6 -11 -31 -14 -32 -32
9 3 8 19 -2 -18 -31 7 -32 -32
9 -32 4 17 -9 -11 -32 -10 -32 -32
-32 -32 -32 -30 -32 -32 30 -32 -32 -32
0 -19 -1 -2 -13 -10 -1 -26 -32 -32
16 -18 11 21 2 -14 -31 -18 -32 -32
14 -9 8 16 -1 -12 -26 -5 -32 -32
-25 -32 3 15 -32 -16 -5 -32 -32 -32
10 -12 15 25 2 -15 -32 -5 -32 -32
5 -32 2 21 2 -19 -24 -20 -32 -32
6 12 13 13 8 -9 -20 -3 -32 -32
8 3 13 21 4 -7 -32 -4 -32 -32
-32 -8 -13 -7 -27 -32 11 -32 -32 -32
-26 -26 -3 -10 -17 -4 -1 -32 -32 9
6 -26 12 16 -9 -13 -21 -12 -32 -32
-32 -28 -26 -32 -1 -6 -15 -32 -32 -32
-32 -32 -25 -15 -32 -32 14 -32 -32 -32
13 -6 8 18 -6 -8 -30 -4 -32 -32
1 -7 8 12 -9 -12 -14 -22 -32 -32
-27 19 -9 6 -5 -25 -3 -11 -32 -32
-24 -19 7 9 3 11 -23 -32 -32 -32
-8 -17 1 -4 -17 0 -16 -32 -32 5
5 -14 8 17 -14 -10 -21 -9 -32 -32
1 -5 5 10 -9 -7 -11 -7 -32 -32
-5 -16 -2 8 -5 -13 -13 -21 -32 -3
-6 -14 4 12 4 9 -21 -19 -32 -32
16 -8 3 12 -11 -7 -29 0 -32 -32
-16 -20 2 -2 -9 -7 5 -32 -32 -16
12 -24 0 12 -5 -22 -16 -23 -32 -32
7 5 6 17 -10 -10 -17 -12 -32 -32
-32 -32 7 20 -32 -7 -11 -32 -32 -32
-32 -29 6 26 -32 -8 -9 -32 -32 -32
-15 -5 -6 3 -10 -13 0 -20 -32 -32
-29 -22 18 18 -13 -3 -13 -32 -32 -32
2 -32 10 14 -22 -13 -32 -9 -32 -32
-32 2 16 9 -19 7 -29 -32 -32 -16
-20 -13 -10 -10 -11 -11 -11 -32 -32 -3
-32 -32 -32 -19 -32 -32 31 -32 -32 -32
9 -4 11 20 -5 -12 -23 -24 -32 -32
-23 -8 -7 3 -18 -5 -26 -32 -32 0
-12 1 -3 11 -9 -20 -1 -15 -32 -32
13 8 6 16 -8 -12 -22 -8 -32 -32
15 -16 1 12 -21 -18 -17 -16 -32 -32
-11 -20 -5 7 11 -9 -2 -32 -32 -30
-23 -16 0 3 -6 -11 5 -14 -32 -32
-8 -18 -8 -9 -5 -18 12 -32 -32 4
-32 -31 -20 -3 -32 -28 15 -28 -32 -32
8 -12 -1 17 -4 -16 -6 -9 -32 -32
9 -5 2 12 -5 -15 -15 -15 -32 -23
-5 1 10 9 0 -4 -13 -21 -32 -24
3 0 14 24 0 -16 -25 1 -32 -32
-32 -32 -32 -32 -32 -32 31 -32 -32 -32
1 -18 1 14 -2 -4 -32 -10 -32 -32
-22 -32 -28 -17 -32 -30 11 -32 -32 -32
-1 -7 15 12 -11 -15 -31 4 -32 -32
-32 -18 -7 -3 4 -17 29 -28 -32 -32
1 -20 15 19 -17 -9 -24 -32 -32 -32
10 -2 6 24 -8 -9 -20 -19 -32 -32
5 -21 10 23 10 -14 -32 1 -32 -32
16 -1 20 25 4 -8 -32 -1 -32 -32
-32 -32 -32 -31 -32 -32 31 -32 -32 -32
3 -28 14 20 -8 -5 -32 -16 -32 -32
-7 13 11 12 -5 -6 -27 1 -32 -32
-21 0 3 3 -10 -16 -16 -11 -32 -32
17 7 14 24 -4 -9 -32 0 -32 -32
-12 -32 -15 -7 -25 -32 18 -32 -32 -32
7 -26 11 20 8 1 -24 -25 -32 -32
10 -3 8 22 -3 -16 -30 -14 -32 -32
1 -5 5 14 -12 -8 -8 -23 -32 -32
8 -5 19 22 -3 -9 -25 -10 -32 -32
-1 -26 3 12 -5 -3 -18 -5 -32 -32
20 -6 12 20 4 -15 -32 3 -32 -32
-32 -17 -9 -16 -13 -21 22 -32 -32 -24
-29 -17 -3 -8 -24 -14 -3 -11 -32 -28
-16 -3 -8 -4 1 -22 20 -23 -32 -32
9 -18 7 14 -18 -7 -32 -9 -32 -32
-23 -32 -10 -6 -11 -27 10 -32 -32 -32
-32 -19 9 3 -21 0 6 -32 -32 -32
3 -12 5 14 1 -13 -14 -5 -32 -32
-19 -32 -25 -32 -31 -11 -14 -32 -32 -32
-16 -13 -10 1 -14 -10 -16 -23 -32 28
-32 -32 -5 1 -22 -15 -8 -32 -32 -32
-24 -32 -13 -13 -19 -8 -15 -32 -32 -32
-32 -32 -23 -13 -32 -27 25 -32 -32 -32
-32 -2 2 7 0 -3 -8 -32 -32 2
-17 4 5 5 1 -1 -4 -10 -32 -22
-23 -19 -12 -10 -8 -28 19 -32 -32 -32
-32 -32 -30 -19 -32 -32 31 -32 -32 -32
-15 -6 -1 -1 -9 -13 15 -25 -32 -13
-14 -13 8 5 -9 -9 3 -32 -32 -10
3 -23 0 21 -11 -7 -32 -10 -32 -32
-32 -29 16 29 -29 -3 -17 -32 -32 -32
-28 -11 4 2 -12 -8 -12 -32 -32 -25
-5 -27 -7 -8 -1 -7 -3 -32 -32 -24
16 -9 13 23 5 -15 -31 -9 -32 -32
-32 -32 3 17 -32 -11 -8 -32 -32 -32
-32 3 13 8 -18 3 -17 -32 -32 -1
-1 -32 -11 -6 -8 -13 -5 -13 -32 -17
-32 -4 13 21 -28 11 -32 -32 -32 -32
-32 -32 -32 -32 16 -10 12 -32 -32 -32
15 -8 14 20 3 -18 -28 1 -32 -32
-32 -32 -3 -1 -32 -13 -8 -32 -32 -32
15 -11 10 23 7 -19 -32 5 -32 -32
10 -24 7 14 1 -16 -19 -18 -32 -32
-8 -32 -5 -8 -30 -18 -7 -32 -32 2
8 -7 12 18 -5 -9 -21 -10 -32 -32
-32 -4 10 18 -29 3 -32 -32 -32 -32
1 -9 3 19 -7 -18 -26 -3 -32 -32
8 -15 9 16 -5 -10 -24 -22 -32 -32
-6 10 13 11 -2 0 -22 -32 -32 -31
9 -9 9 17 -2 -19 -9 -2 -32 -32
-4 -32 5 10 -32 -13 -28 -19 -32 -32
9 -7 7 12 1 -20 -7 -5 -32 -32
5 -27 9 13 -18 -5 -32 -7 -32 -32
5 -26 2 19 -7 -5 -31 -4 -32 -32
-6 -20 12 22 14 -1 -21 -6 -32 -32
-6 -13 1 22 3 -1 -24 -13 -32 -32
-29 3 14 8 -9 0 -9 -32 -32 -32
1 -12 9 15 -12 -10 -27 -32 -32 -32
18 -32 -4 2 -5 -16 -17 -32 -32 -32
-6 -17 19 30 -21 -16 -27 0 -32 -32
9 -5 11 17 -3 -4 -28 -6 -32 -32
-5 -23 -16 -3 18 -17 6 -20 -32 -32
-26 -32 5 3 -8 -5 1 -32 -32 -32
4 -4 6 14 -13 -8 -19 -18 -32 -32
-19 -32 1 20 -32 -11 -28 -32 -32 -32
16 -19 12 25 11 -16 -32 -7 -32 -32
11 -24 7 16 -7 -10 -31 -10 -32 -32
-32 -15 11 4 -18 -11 1 -32 -32 -26
-13 -32 1 9 -21 -8 -30 -32 -32 3
-22 -1 4 11 -11 -16 1 -32 -32 -32
-10 -2 -2 9 -7 -13 -4 -11 -32 -32
-8 -9 1 -9 -5 -17 1 -32 -32 -28
-2 -17 0 8 0 -11 -14 -16 -32 -21
-16 -18 16 25 -23 -9 -31 -32 -32 -32
-32 -32 -28 -21 -22 -32 27 -32 -32 -32
-1 -10 4 16 -2 -9 -16 -30 -32 -32
-32 -32 -25 -17 -32 -22 -4 -32 -32 -32
-32 -27 -6 -11 -32 -8 -5 -32 -32 -17
-4 10 2 3 -6 -1 -13 -32 -32 0
13 -10 10 21 7 -18 -26 0 -32 -32
-10 -32 -23 -28 -32 -32 1 -32 -32 -32
11 -5 7 21 3 -11 -22 -2 -32 -32
-32 -32 -8 8 -32 -24 3 -32 -32 -32
17 -13 12 22 8 -17 -28 0 -32 -32
-32 -32 -1 -1 5 -6 0 -32 -32 -32
-32 -4 15 19 -2 6 -13 -32 -32 -32
-26 -17 13 18 -26 4 -32 -19 -32 -32
12 -4 5 19 -4 -22 -24 -8 -32 -32
-32 -32 1 20 -32 -1 -12 -32 -32 -32
-8 -32 -8 -7 -28 -5 -21 -32 -32 -5
12 -9 16 22 2 -13 -22 -2 -32 -32
13 -4 9 22 1 -10 -20 -14 -32 -32
1 5 7 13 -2 -5 -12 2 -32 -32
-12 -11 -9 -3 -20 -17 3 -24 -32 -32
1 -31 -9 -5 -19 -18 -16 -32 -32 19
-12 -20 7 20 -32 -22 -10 -32 -32 -32
3 -14 12 19 -2 -5 -32 -20 -32 -32
2 -17 13 17 -16 -13 -29 -15 -32 -32
14 -10 9 15 6 -17 -23 3 -32 -32
-32 -32 -29 -13 -32 -32 31 -32 -32 -32
-1 -19 16 24 -6 -14 -20 -13 -32 -32
-32 -32 -30 -20 -32 -25 25 -32 -32 -32
-32 -26 -15 -22 -15 -19 14 -32 -32 -32
12 -28 8 18 -6 -16 -32 -13 -32 -32
-21 -16 10 10 -11 -1 -21 -32 -32 -32
-27 -10 5 11 6 0 -12 -32 -32 -32
-32 -32 -32 -32 -32 -32 31 -32 -32 -32
14 -21 12 22 7 -13 -32 -5 -32 -32
-24 -32 -19 -17 -32 -32 26 -32 -32 -32
8 5 9 20 -2 -15 -21 11 -32 -32
-32 -32 -5 14 -32 1 -24 -32 -32 -32
9 -2 6 17 -3 -22 -20 2 -32 -32
-1 -28 6 15 -1 -19 -16 -26 -32 -16
-3 7 5 15 -4 -12 -15 -14 -32 -32
13 -28 8 16 2 -8 -18 -5 -32 -32
14 -12 8 16 -7 -16 -22 -4 -32 -32
18 -12 13 19 2 -10 -31 -7 -32 -32
-20 3 -1 11 -3 -7 -4 -10 -32 -32
12 -19 8 21 7 -22 -32 -3 -32 -32
-19 -14 -10 -7 -1 -17 -2 -32 -32 -31
-32 -32 -4 12 -32 -12 -8 -32 -32 -32
19 -5 12 21 6 -16 -31 3 -32 -32
