-16 1 19
-7 -9 21
-8 -12 27
-2 23 -23
-7 29 -22
24 -11 -9
2 24 -25
18 1 -17
-8 29 -18
-24 11 17
-21 6 21
22 -4 -13
5 24 -27
24 -11 -9
-9 -6 21
-15 31 -17
19 1 -17
5 15 -22
25 -12 -8
-13 -8 27
23 -8 -11
-27 31 -7
-10 30 -18
22 -6 -12
8 0 -7
-18 0 25
-16 -1 23
-17 31 -16
5 24 -30
11 18 -29
-2 -6 12
-3 25 -24
19 -3 -15
5 11 -16
-17 21 -2
5 22 -28
-13 -10 30
-3 28 -26
-23 31 -10
-17 3 21
19 0 -16
-18 2 20
17 4 -19
19 -1 -16
17 0 -15
7 20 -26
20 -1 -17
-16 2 23
-1 21 -21
18 2 -20
-27 31 -8
27 -17 -2
27 -15 -5
-8 -12 23
