31 31 29 31 9 -19 -30 31 -32 9 11 -2 -6
20 7 31 31 31 9 -5 -18 8 31 -31 -28 -15
31 22 14 11 -2 -14 -24 30 -13 31 -30 -15 7
-30 -18 20 -6 3 9 26 -28 31 -11 -4 31 -6
-12 31 -4 -6 -8 31 31 31 31 -23 31 26 -17
31 -5 15 -18 29 31 31 -32 31 31 11 28 31
-21 11 -32 -11 9 11 25 -18 -2 -7 31 31 12
18 1 18 -6 11 21 31 -10 0 7 31 14 31
-9 -11 -23 8 -27 5 19 -15 -26 14 31 31 -7
-14 31 17 20 -6 -27 -32 31 -32 1 -10 -31 13
-9 31 7 20 -8 14 -17 31 -26 31 -32 -19 -6
31 2 10 -27 31 31 31 -12 31 28 31 31 31
-25 -13 2 20 16 31 24 -32 14 -9 26 31 29
31 7 29 11 31 31 31 1 31 31 31 20 31
11 31 8 11 22 -30 -7 -23 -32 25 -11 -25 -5
-3 20 -7 20 -8 25 28 -18 -14 -27 13 24 -25
31 0 1 -24 31 31 31 -23 31 29 31 31 19
18 11 31 31 31 29 31 31 31 -3 31 31 24
31 13 22 -10 31 27 31 -4 -12 19 31 31 31
31 28 2 29 -4 -28 -25 22 -27 31 -17 -16 3
31 2 2 -21 31 31 31 -18 31 31 19 31 31
-24 -3 10 29 -12 -24 -6 31 13 -3 31 20 -13
18 31 -9 25 -12 28 31 -7 31 -18 -13 31 -19
31 3 12 -31 31 31 31 4 31 31 31 27 31
30 -17 6 -15 31 24 -4 31 -32 -9 31 -7 16
7 19 1 7 -12 -26 -31 31 -32 31 -32 -18 -11
10 31 20 29 26 -15 -28 31 -32 27 8 0 -1
-21 13 -7 20 -14 27 31 12 -6 -16 7 31 -20
-9 -13 -11 -2 -8 31 31 -23 31 11 31 24 7
20 -15 -32 -32 -27 31 31 -18 31 23 31 31 -8
31 2 28 31 11 31 -4 31 31 31 -32 -6 7
3 -16 -2 -6 13 9 17 -7 2 -18 31 31 -13
31 -3 3 -17 5 9 31 -18 9 19 31 26 31
31 -9 -23 -6 3 5 12 -2 -32 0 31 13 4
-31 12 30 25 31 -17 -15 -32 8 -20 20 5 4
5 5 -5 1 -12 9 31 -18 22 2 31 31 13
29 31 7 25 -1 -3 -22 31 -12 31 -32 -18 6
-12 -5 -19 -24 -14 25 31 -10 22 -14 31 23 -15
-21 -12 16 31 -27 1 5 19 -2 -24 31 22 4
13 29 28 20 7 -20 -31 31 -32 12 -7 7 2
31 -7 0 -24 11 31 31 -28 27 31 29 31 31
-1 -8 -11 11 20 -22 -28 31 -2 31 -32 -20 5
24 4 -8 -32 14 29 31 -18 -10 9 31 31 31
31 3 9 -24 -6 27 31 -10 25 28 31 29 31
26 31 1 -11 20 29 31 -2 15 9 1 31 9
-5 -2 -5 3 31 23 28 -2 31 -18 31 19 31
31 6 12 -32 7 23 31 -7 31 22 31 31 31
8 17 8 31 11 -32 -11 -15 -32 29 -23 -27 -2
-11 -15 -21 -32 31 -4 14 6 31 -6 31 7 16
31 1 -7 -32 9 31 31 -10 31 22 31 27 31
-17 0 3 31 -4 -9 9 27 8 -20 31 5 -8
31 31 11 2 31 31 31 -7 -12 22 8 31 31
31 5 28 -13 31 31 31 -7 2 31 31 28 31
14 31 5 -2 26 -26 -24 19 -32 23 -20 -13 9
