3
3
6
6
3
6
3
3
2
3
3
3
3
6
4
3
3
3
3
3
6
9
3
3
2
2
3
4
3
3
2
6
3
3
0
3
3
6
3
4
2
3
3
3
3
3
3
3
3
3
3
3
4
3
5
3
6
3
3
3
3
2
3
6
6
1
3
6
2
2
3
3
3
0
3
3
0
6
3
3
3
3
6
3
3
3
3
3
3
3
3
2
2
6
2
3
3
3
6
3
6
3
3
3
3
0
3
2
3
5
3
3
3
3
3
3
3
2
0
3
6
2
0
9
3
6
3
0
3
3
3
0
0
3
3
6
3
3
2
3
3
3
3
0
3
3
6
3
6
6
1
3
6
3
3
3
3
0
3
2
6
6
3
4
3
3
6
3
2
3
6
3
9
6
3
3
6
3
3
6
3
3
6
3
3
3
3
3
6
3
6
3
3
3
3
3
6
4
3
0
3
3
3
3
6
3
3
3
0
3
3
6
3
3
3
3
6
3
3
3
6
0
3
3
3
3
3
2
3
6
9
3
4
6
3
3
1
5
9
3
3
3
3
0
6
0
3
3
3
3
2
3
2
9
6
3
3
3
3
0
4
6
6
6
3
3
2
3
6
3
6
2
6
3
3
3
3
6
3
1
2
3
6
3
3
3
3
3
0
6
2
6
3
6
2
3
5
9
3
5
6
3
2
6
6
6
2
3
3
2
4
3
3
2
0
3
4
3
3
3
3
9
3
3
3
3
2
3
3
3
3
3
3
3
2
3
0
3
3
4
2
3
3
3
3
2
3
3
3
2
3
3
6
3
6
6
1
3
6
3
3
3
4
3
3
3
3
5
3
3
3
6
9
3
3
3
3
6
3
6
6
3
2
3
6
3
6
3
3
3
3
3
3
3
3
3
3
4
3
3
