03
03
06
06
03
06
03
03
02
03
03
03
03
06
04
03
03
03
03
03
06
09
03
03
02
02
03
04
03
03
02
06
03
03
00
03
03
06
03
04
02
03
03
03
03
03
03
03
03
03
03
03
04
03
05
03
06
03
03
03
03
02
03
06
06
01
03
06
02
02
03
03
03
00
03
03
00
06
03
03
03
03
06
03
03
03
03
03
03
03
03
02
02
06
02
03
03
03
06
03
06
03
03
03
03
00
03
02
03
05
03
03
03
03
03
03
03
02
00
03
06
02
00
09
03
06
03
00
03
03
03
00
00
03
03
06
03
03
02
03
03
03
03
00
03
03
06
03
06
06
01
03
06
03
03
03
03
00
03
02
06
06
03
04
03
03
06
03
02
03
06
03
09
06
03
03
06
03
03
06
03
03
06
03
03
03
03
03
06
03
06
03
03
03
03
03
06
04
03
00
03
03
03
03
06
03
03
03
00
03
03
06
03
03
03
03
06
03
03
03
06
00
03
03
03
03
03
02
03
06
09
03
04
06
03
03
01
05
09
03
03
03
03
00
06
00
03
03
03
03
02
03
02
09
06
03
03
03
03
00
04
06
06
06
03
03
02
03
06
03
06
02
06
03
03
03
03
06
03
01
02
03
06
03
03
03
03
03
00
06
02
06
03
06
02
03
05
09
03
05
06
03
02
06
06
06
02
03
03
02
04
03
03
02
00
03
04
03
03
03
03
09
03
03
03
03
02
03
03
03
03
03
03
03
02
03
00
03
03
04
02
03
03
03
03
02
03
03
03
02
03
03
06
03
06
06
01
03
06
03
03
03
04
03
03
03
03
05
03
03
03
06
09
03
03
03
03
06
03
06
06
03
02
03
06
03
06
03
03
03
03
03
03
03
03
03
03
04
03
03
