-32 -13 -5 -32 -32 -32 -32 -32 -32 31 -32 -32 23 -32 -27 31 31 -28 31 -24 -32 -32 -32 -32 -32 -11 -32 -32 31 -32 31 -32 31 -18 -32 31 31 -16 19 18 -2 -12
-32 26 -1 3 31 31 31 -32 31 31 -32 -32 -2 31 31 14 31 -3 24 -25 -32 31 -32 31 -32 8 31 -32 -12 -32 -32 -32 -32 -32 26 -32 31 31 31 24 31 12
-32 31 0 1 31 -20 -32 31 31 3 31 -30 31 8 -32 -32 31 -32 -31 -29 -32 -32 31 -32 -32 -32 -32 19 -32 -32 31 -32 -32 -32 -19 -32 31 -1 31 -8 31 -24
-32 -32 31 20 -32 -32 -32 -32 31 31 31 6 12 31 -4 31 31 -19 31 -32 -32 31 -32 -32 31 -10 -32 31 31 31 31 -32 -32 9 28 31 -6 5 18 26 -10 31
-21 -32 -32 -32 31 -32 -10 31 -32 31 22 -32 6 31 -16 -16 -28 31 31 -16 31 31 31 31 31 -32 -32 -32 -32 31 -32 -32 31 5 -18 31 31 4 -12 31 24 -7
-32 31 -22 29 31 14 -7 31 31 31 31 -32 28 31 -19 31 31 -32 31 26 31 31 31 -32 -32 -32 3 31 31 -32 31 -32 31 13 31 31 31 12 -7 -32 4 31
-21 23 13 31 -1 31 8 -32 -32 -32 -32 -21 31 5 31 15 31 15 31 -32 31 -32 -32 -19 31 -32 -32 -32 31 31 -32 11 -32 -19 -32 20 31 31 -9 27 31 16
-6 -4 -32 -32 -32 2 -32 -32 -32 31 -32 31 17 31 16 31 31 31 31 -32 31 -32 31 31 31 31 9 -32 -32 -32 -32 31 31 -32 31 11 -10 -32 31 31 31 18
14 31 19 9 -14 31 -3 -32 31 -32 31 23 3 31 -16 11 31 -32 31 -24 -32 31 31 -32 31 -32 -32 12 31 31 -32 31 31 31 -10 -32 10 12 -12 -24 31 24
-32 -32 31 -31 -32 -32 -32 0 -32 31 31 -32 -17 31 -12 5 13 6 18 31 31 6 31 31 31 -32 31 -32 31 31 31 -32 -32 -32 5 -1 -15 -30 31 -5 7 26
-32 31 14 31 -24 -31 -23 -32 -32 31 -32 1 31 31 11 6 31 -8 -32 -11 31 -23 31 -32 -25 -24 31 31 31 31 31 -32 -32 -16 -26 -32 31 -28 24 31 -32 31
17 -18 31 -4 -32 31 -32 31 -32 31 -32 -32 0 28 31 31 31 -1 0 31 31 -32 16 -32 31 31 -32 31 -32 31 -32 31 -32 -32 31 -32 31 18 31 -21 6 23
-32 -26 23 -32 -32 -32 -32 -32 31 31 -32 -8 13 3 -1 31 4 -25 31 -24 31 31 31 -32 -32 31 -32 -32 -32 31 -32 31 -32 -32 14 31 24 5 25 5 18 31
-32 -32 -8 -7 -32 -32 18 31 -32 -32 -32 -9 19 -10 10 31 31 2 31 5 31 -32 31 -32 31 -32 31 31 -24 -32 31 -32 -32 21 -32 -32 -32 -32 -23 1 4 7
22 31 22 31 -32 -32 -32 -32 31 -32 31 13 0 31 -11 23 31 31 31 17 31 -32 31 -32 -32 31 -17 31 -32 -32 -32 31 31 -32 22 -32 -4 6 3 31 31 22
31 -26 -32 15 -32 -32 -32 -32 -32 31 -4 12 -7 -32 17 31 31 3 -7 11 31 -32 -32 31 -32 -32 31 31 -32 31 -32 31 28 -32 4 -32 31 31 20 31 -7 -32
31 31 20 -32 31 -32 31 31 -32 -32 -32 -32 9 20 22 3 31 4 31 31 -8 31 -32 -32 -32 31 -19 -32 -32 31 31 -32 31 -12 -32 31 29 16 31 5 4 31
-9 -25 31 -32 -22 31 31 31 -32 -32 -32 8 -9 -32 31 11 31 -30 0 29 31 -32 -32 31 31 11 31 31 -32 -32 31 31 -32 -15 31 25 12 -26 -32 31 31 31
-32 -32 17 -11 31 -32 -32 -32 31 31 31 18 -16 31 3 31 -32 2 31 -32 31 31 -32 31 -32 -32 -32 31 -32 -32 31 -32 31 -32 -2 -13 31 31 -26 31 31 18
-26 6 -32 9 10 -32 31 31 31 31 -32 31 -24 31 21 31 31 -32 31 -12 5 -32 -32 31 -3 31 -32 -32 31 5 31 -32 -32 26 -32 31 -20 -17 5 -22 -32 31
-27 31 6 -23 31 -32 -32 -32 31 -32 31 31 6 31 -18 -3 -32 8 -30 -32 31 31 -32 -32 31 -32 -27 -32 -32 -32 31 -32 -32 -32 -15 31 31 -12 31 -13 31 13
-6 31 18 -32 31 20 -32 -32 31 29 -32 -32 4 31 22 -9 -32 8 -18 -12 -32 31 31 31 -32 31 -32 -32 31 -32 -32 -32 16 -32 31 -32 14 -21 -22 31 31 31
-32 11 31 -26 31 31 31 -32 25 -32 -32 -13 31 22 -10 20 -13 31 16 -8 31 -32 -32 -32 -32 25 -29 -32 31 31 31 31 31 -32 -32 -32 31 22 -16 -4 31 3
-21 31 14 10 -32 31 -4 31 31 31 -32 -32 25 -32 -32 10 31 31 31 -17 31 24 31 31 31 -32 24 -32 -32 31 31 -32 31 9 -2 -32 31 31 -6 31 -11 31
4 -32 31 31 31 -32 24 -32 -32 14 -32 -32 31 31 -8 20 31 -32 8 -1 -32 31 31 31 -32 -20 31 31 31 31 -32 -32 31 0 2 -18 31 31 31 31 -32 -3
-32 31 19 -22 31 -32 31 -32 31 -32 -32 -6 13 27 31 31 31 -7 2 -24 31 31 -32 31 -32 22 -32 -32 31 31 6 31 31 -17 18 -32 31 -32 31 -32 20 22
31 16 31 -32 -32 31 -25 31 13 26 -32 -32 17 31 4 -32 31 31 5 -13 -32 -32 -32 -32 -32 31 31 -32 -32 31 -32 -32 -32 -32 31 -32 31 18 31 31 31 31
24 31 -32 31 31 1 21 0 31 -29 -32 -12 21 31 18 -15 31 -1 23 -8 -32 31 -32 -32 31 -1 31 -32 31 31 -32 -32 -32 -32 -28 31 31 -32 31 31 -6 31
-32 31 -32 31 31 31 -32 -32 -1 31 -14 -32 31 11 -13 30 31 23 9 -31 31 -32 31 31 31 -32 7 -32 31 31 31 -32 31 31 -32 -13 -10 -25 16 -32 31 -11
-32 31 14 -32 31 -32 -32 -32 -32 -32 3 -32 31 -26 -2 31 31 -3 -31 -32 31 -32 31 31 31 -32 -32 -32 31 -32 -32 31 -16 14 6 -32 30 31 22 31 -32 6
3 31 18 -32 -32 31 31 31 -32 31 -32 28 25 27 -26 7 31 -17 31 2 -32 31 10 -32 -32 31 -32 -32 31 -32 31 -32 -32 -32 -32 -32 31 19 31 -32 31 7
-32 -32 14 31 -32 -32 -12 -32 -32 31 -32 31 2 31 -32 14 27 22 31 31 -32 31 -32 -32 -32 -32 31 -32 31 -32 -32 31 -32 31 31 31 -32 -8 31 31 31 4
31 23 31 21 24 31 -32 -32 31 -32 31 -7 -6 31 21 31 31 6 31 31 -32 -32 -32 -32 31 -32 -32 31 31 -19 31 31 -32 31 12 -32 31 31 31 31 26 -17
-27 -32 23 -10 -32 31 13 -32 -32 -32 31 -32 -32 20 1 21 31 8 18 19 -32 -32 31 31 -14 31 7 -26 31 31 -32 -32 31 -25 -10 -32 31 -7 31 31 31 16
-32 -3 -18 -32 -32 -32 -32 -7 -32 -32 31 -28 -9 31 -1 31 14 31 31 31 -32 -32 27 -32 -32 -32 23 -32 -32 31 31 -32 -32 -10 -32 10 -3 -17 31 17 -26 25
1 31 30 31 -32 -28 26 31 -32 -32 31 -32 31 6 -32 -16 31 -32 23 -13 -32 -32 -32 31 31 -32 -29 -32 31 -32 -32 -32 31 -32 6 -32 31 -7 31 31 13 10
31 -32 31 31 31 -32 31 31 31 -32 31 -31 -32 31 -32 31 31 -8 -32 -14 31 28 31 -32 31 -17 -27 -32 -32 31 -32 -32 -32 -32 31 31 -32 31 -2 -17 -10 19
31 -15 2 -32 31 -20 -22 -32 -32 -26 -32 -10 31 5 9 31 31 -32 -1 31 31 31 31 31 -32 -32 12 -32 -7 31 -32 -32 -32 -32 31 11 23 29 31 31 24 31
31 -32 31 -32 -32 19 28 31 31 31 31 -32 -3 -32 31 31 31 -32 31 17 -32 -32 31 -15 31 -10 -32 -32 31 31 31 -32 31 -32 31 -32 31 -32 -32 3 -8 15
31 2 -9 12 31 -32 -32 -32 -32 -32 23 -32 0 -2 9 23 31 0 10 31 27 -32 31 -32 31 31 31 31 -32 31 -32 -32 31 31 27 -32 27 31 -32 31 -10 -32
31 -26 31 4 31 -32 -32 -32 7 -32 31 -32 16 23 -32 31 31 19 31 28 31 31 -32 31 -32 -32 -32 31 -32 -32 31 31 27 7 -32 16 0 -8 31 31 31 4
-21 31 9 -8 31 31 19 -32 -32 31 -32 15 -9 31 31 31 -17 31 31 -32 31 -32 31 -32 31 -32 31 31 31 -32 -32 31 -32 -32 -32 -32 31 14 -32 -18 31 -32
31 -27 2 -32 31 31 -32 -32 -32 -32 31 -32 -32 31 -2 -3 -32 -32 -6 18 -32 -32 -13 -32 -32 31 -26 -32 -32 -32 -32 -32 31 25 -2 17 31 19 -15 31 31 -8
-32 31 -19 21 31 31 31 -32 31 31 -32 20 -23 29 31 31 31 -12 13 -1 -32 31 -32 -32 31 -13 22 31 -32 -32 -32 31 31 -32 -19 20 31 -1 -2 -18 31 1
-27 31 31 -32 31 -32 -32 31 31 31 31 -32 31 31 31 29 31 28 31 -22 -32 -32 31 -20 22 -32 -31 -32 31 -32 31 31 31 -21 -32 0 -6 10 -6 31 31 -32
-32 31 -32 22 31 29 -32 31 -32 31 -32 -32 -6 31 -23 31 31 1 31 -32 31 31 31 -32 31 4 -32 -32 31 31 31 31 -32 -32 -32 -32 -32 5 20 31 22 -11
31 20 31 31 31 31 -32 -32 31 31 -32 -32 31 -11 27 -4 31 1 21 31 21 -32 31 31 -32 31 31 -32 -9 -32 31 31 31 -32 -32 -32 20 -32 31 31 13 -32
8 -32 31 19 -32 -32 -32 10 31 31 31 -32 -2 -32 10 1 31 24 31 -12 -32 -32 -32 31 31 31 7 -32 31 -22 -32 -32 -32 31 31 -19 1 26 6 -8 8 31
-20 -1 -32 -32 -32 31 2 -32 31 -10 -32 -32 29 31 31 -28 31 21 14 -2 31 -32 31 -32 -14 -32 31 -32 31 -32 -32 31 -32 22 -32 -32 31 7 31 -32 31 -32
-32 3 -3 -8 27 31 1 31 31 -32 -32 -5 14 13 12 31 31 18 31 9 -32 31 31 31 31 31 31 31 -32 31 31 -32 -32 -32 -32 -32 31 6 31 31 31 8
25 -32 -18 -15 31 -32 31 -32 31 -26 -17 -25 7 25 23 31 31 18 10 -17 -32 -32 31 -32 -32 -32 31 -32 -32 -32 31 -32 31 31 -31 31 0 31 14 31 -19 15
-22 31 -32 -28 31 -32 -32 31 -32 -14 31 -3 14 31 31 -7 31 31 -12 -11 10 31 31 31 31 -32 31 -32 31 25 31 31 31 -31 31 -32 22 31 -12 -32 31 10
22 -32 -28 -32 -32 31 -32 -32 -32 -32 -32 8 -6 -29 19 31 31 -18 31 -32 -16 31 31 -32 31 -32 19 31 -32 -32 -32 31 31 -24 31 9 23 4 31 31 7 -21
-32 31 31 -32 21 -32 -32 -32 31 -32 -32 -32 23 15 -2 25 31 5 31 8 31 -32 31 31 -32 -32 15 31 -32 -32 31 -32 -28 -32 -32 -32 31 -6 -4 31 31 -22
4 -9 -9 31 31 -32 31 -32 31 -32 -32 -32 14 31 -32 -1 -32 31 15 28 31 -32 -32 31 -32 3 31 31 31 -32 31 -32 -32 -32 31 31 -32 -22 -32 31 31 -25
-32 31 31 -27 4 -11 -32 31 -32 31 -32 -4 31 -32 2 8 31 31 31 -32 -32 -32 31 -32 31 31 -20 31 -32 31 -32 -32 -32 31 -32 -4 31 -32 13 31 31 31
-19 29 31 -32 -32 -32 31 31 -32 31 31 31 31 31 31 31 31 -7 -32 -32 31 31 9 31 -32 -32 31 -32 -32 11 -32 31 31 31 31 31 -32 12 31 16 -2 31
29 31 -22 -32 -32 7 31 31 -32 31 31 -32 -17 31 31 -32 31 29 5 -32 -32 31 31 31 31 31 -10 -32 -32 31 -32 -32 31 -32 31 -32 31 -3 31 31 31 31
-16 -32 31 3 31 -32 -19 31 31 31 -32 -31 31 27 31 31 -32 -32 31 6 31 31 31 31 -32 -32 31 31 31 -32 31 -32 31 -32 -3 -32 31 31 11 31 31 -9
-5 31 31 31 31 -32 31 -32 -32 31 31 -6 31 31 -15 8 31 -32 -32 -32 -7 -32 31 -32 31 31 -32 16 -32 31 31 -32 31 -32 13 -1 -32 9 9 22 31 -18
2 -25 -32 -32 -1 31 -19 31 -32 31 31 23 27 -32 16 -32 -25 -32 31 13 -32 -32 31 31 31 31 31 31 31 31 -32 -32 31 -32 31 31 31 -9 10 31 31 0
-9 31 -21 -25 31 -32 -32 -32 -32 31 31 -32 -32 14 4 -5 31 31 31 2 -1 -9 -32 -32 31 -8 -32 -32 -32 -32 31 31 31 4 28 -32 -2 -30 -32 -32 31 5
-21 22 31 17 -32 31 -10 -32 -32 31 -32 -28 3 21 21 31 31 -2 8 3 -32 -32 -32 31 31 -32 31 -32 31 -32 31 -32 31 12 -23 31 31 -9 31 -32 31 31
-32 31 -32 -32 31 31 31 -32 -32 -32 -32 -32 11 31 31 31 31 -20 31 -19 -32 -32 31 -32 31 -21 31 -32 31 -32 -32 31 -32 31 31 31 31 -2 -2 31 -32 -29
-32 -3 31 -32 -32 31 -8 -24 -32 -32 31 31 31 -32 15 31 31 30 31 31 31 10 31 31 31 -24 -32 31 31 31 -32 -32 31 1 -26 -12 -30 -8 -32 31 17 31
31 -3 31 -9 31 24 31 31 -32 -32 -32 31 31 9 26 31 31 20 26 -5 31 -32 -32 -32 31 -32 -32 31 31 -32 -32 31 -32 -32 -32 -32 -6 -9 10 31 -12 -32
-5 -32 18 -32 31 -32 -32 -32 31 31 -32 26 -2 31 31 6 31 -32 29 16 31 31 31 31 31 -32 -32 31 31 31 31 31 -32 18 15 31 31 31 31 -32 31 31
-29 -32 -32 -5 31 31 -2 -32 31 31 -32 2 -24 31 20 28 12 -32 15 -32 -32 31 31 31 -4 31 31 -32 31 31 31 31 -32 -32 8 -32 -22 -13 31 15 -32 16
10 -16 -6 29 31 31 -32 -32 22 -32 31 31 11 4 31 22 31 -4 12 15 -32 -32 -32 -32 -32 -32 31 -32 -32 31 -13 -32 31 -32 -23 -32 31 31 3 31 31 -4
12 -32 26 31 -32 31 -32 -32 31 31 31 -32 1 13 -1 -18 19 -14 21 21 -32 -32 31 -32 31 -1 -32 27 31 -32 31 -32 -32 31 -11 -32 1 6 31 31 31 -1
31 31 31 4 31 -32 -32 31 -32 -32 31 -32 8 3 -25 14 31 -14 -10 31 31 22 31 -32 31 -32 31 -32 -32 31 31 -32 -24 -32 -32 -32 -20 -6 31 31 -14 10
-14 -32 1 29 -32 -32 31 -32 31 -32 31 -32 31 -1 -5 31 31 17 31 31 31 -32 -32 31 -32 31 -32 31 31 31 -32 31 31 -32 20 31 19 -2 31 -19 31 16
-28 31 -22 31 31 -32 -4 -32 -32 -32 -32 -32 4 31 -13 -8 -32 9 22 -8 31 -32 31 -32 31 -32 -18 31 -32 31 -32 31 31 31 22 31 31 28 -32 31 16 31
-32 31 -18 -32 31 -17 -32 31 31 31 -32 23 31 20 31 -21 -32 -18 6 -14 -32 31 -32 -32 31 -32 31 31 -32 31 31 -32 31 2 -32 -32 31 21 31 31 7 14
24 31 31 -32 -9 -32 31 10 31 -32 -32 -32 31 31 -32 12 -32 -12 12 -32 31 31 31 -32 31 31 31 -32 31 31 31 -32 -32 -6 -32 -32 17 23 31 31 31 17
6 31 31 31 -28 -32 -32 -32 31 31 -32 31 31 1 5 -32 31 22 5 -3 -32 31 -32 31 -32 31 31 -32 31 31 31 -32 -32 29 -32 -32 21 31 16 31 -32 -25
-32 31 6 10 -32 -32 -32 -32 31 -32 31 -4 0 19 31 14 31 -32 -9 31 31 -32 -32 -32 -32 -32 -32 31 31 31 31 31 -32 -32 -32 31 29 31 31 31 31 22
3 -32 -30 -32 -32 -32 -32 31 -32 30 -32 31 1 31 10 -24 31 -32 31 -32 31 31 -32 -32 -32 -32 -20 31 31 -32 31 -32 -32 -32 -32 31 31 20 -22 -32 31 31
8 31 21 -32 -9 31 -32 31 -32 31 31 31 -23 31 31 31 -32 -20 31 -2 -32 -21 31 -6 -32 31 31 31 -32 -32 31 -32 -32 -32 4 -23 -26 5 -27 -10 31 2
-32 -20 -25 31 31 31 -5 -32 -32 31 31 -27 26 -32 7 12 25 6 -32 28 3 31 -32 -27 31 -32 -32 31 31 -32 -32 31 31 -7 31 -32 22 31 31 31 31 -20
-13 3 31 -32 -32 -32 -32 14 31 31 31 -30 21 31 31 31 31 19 -23 31 31 31 31 -32 31 -6 -6 -32 -32 31 19 -32 31 -22 -32 -10 -32 -28 31 -26 2 -29
-7 -20 -12 31 -21 31 -20 31 -32 30 -13 -32 -5 31 28 31 19 -3 31 15 -32 -32 31 31 -32 2 11 31 -32 -32 -32 -32 31 -32 -32 31 31 31 -31 16 31 3
-21 31 31 -32 31 -32 -32 15 31 31 31 -32 -16 15 31 31 31 -32 31 31 31 31 -32 -32 31 31 12 -32 31 -5 -32 31 31 25 -32 -18 31 -7 31 31 -12 31
7 -11 31 -32 -9 -32 -32 31 31 31 -32 0 2 8 -32 7 28 -22 31 5 -32 -32 31 -32 18 -32 31 31 -32 -32 31 31 -32 -8 -32 -32 31 -16 -32 29 31 -32
11 31 27 31 31 -32 -18 -32 31 31 31 -14 23 31 31 16 31 -24 -22 0 -32 -22 -32 -32 31 -32 -32 -32 -32 31 31 -32 -32 -29 -32 31 31 -32 -18 31 -32 -2
8 -32 15 -13 -32 31 31 -32 -32 31 -32 -1 23 31 31 31 31 -15 12 -21 31 -32 31 -32 31 2 31 -32 31 -32 -32 31 31 -19 3 -14 -32 -32 -14 31 -32 -7
-32 -6 -32 31 -32 -32 -32 31 31 31 -32 -4 22 -28 -5 31 -32 31 31 -32 31 -20 -32 31 31 31 31 -32 -32 31 31 -32 -32 -32 31 29 5 -23 -21 31 31 -1
-27 3 31 31 -32 31 31 -32 -32 -32 -32 -32 -30 20 2 31 31 31 31 31 -32 -32 -32 -32 -32 31 22 31 -32 31 -32 -32 -32 -32 -29 -24 14 -32 31 23 31 31
-24 -32 6 -32 31 19 27 -32 31 31 31 -29 31 -17 31 31 31 29 -2 23 -32 -32 31 31 -32 -32 16 -32 31 -32 -32 -32 31 9 31 31 16 -29 31 16 31 -23
-32 30 15 -32 31 31 -32 31 -32 -29 -32 -9 -23 17 31 4 -32 -11 31 -11 31 31 31 31 -5 31 -32 -22 -32 -32 -32 -32 31 -32 -20 -4 3 31 31 -1 31 31
-32 -32 19 -7 22 31 31 31 31 -32 31 -30 31 31 31 5 31 12 31 -32 -32 -32 -32 31 -32 2 -32 31 31 -32 31 -32 -32 -11 6 3 -15 31 20 -9 -20 -20
-20 31 26 -7 27 31 -32 -32 15 31 -32 -30 30 -32 -22 31 31 -15 31 21 31 -32 -32 -32 31 -32 -32 31 31 -32 31 31 -32 -32 31 -30 -7 -31 28 31 31 31
26 31 -28 -32 31 -15 3 -32 -26 31 -32 31 31 -27 31 16 31 -1 -21 -32 31 -32 -32 -32 31 -32 31 31 22 -17 -32 -32 -32 31 -32 -32 8 31 31 31 29 31
-32 31 31 5 10 31 15 -32 31 -32 -32 -32 12 31 31 31 -32 -32 -1 31 31 31 -15 31 -32 8 31 -32 -32 -32 -32 -32 31 -32 -32 -4 -32 31 0 30 -32 31
-14 17 -17 -32 -32 -32 -30 31 -32 31 31 4 -8 23 31 20 11 -6 31 31 -32 -10 -32 -32 -32 -32 31 31 -32 -25 31 -32 31 31 27 28 31 -32 31 1 31 -10
-24 31 -16 -32 -6 31 -32 -32 31 31 -32 31 -32 -5 6 31 29 -17 31 -21 -32 31 -32 31 -32 31 -32 31 31 -32 31 -32 -32 -9 31 28 31 19 18 31 31 29
31 -20 3 29 -32 31 -32 -32 31 -32 -32 -32 -32 31 31 3 31 -32 4 -8 -32 -32 31 31 -32 -32 -26 31 31 -32 31 31 -32 -32 20 -32 31 -32 11 -32 1 4
-32 31 -30 -32 18 -23 31 31 31 31 13 6 -5 -13 31 19 -4 31 31 -25 -32 31 -32 -32 -32 31 -32 31 31 31 -32 -32 31 -32 -16 31 31 16 12 31 -24 -20
-29 -32 -25 -32 -32 -32 31 31 -32 -32 31 16 4 31 -7 6 31 8 11 -20 -32 31 -32 -32 -32 31 31 31 -32 -32 -32 11 -32 -15 -32 -32 13 22 31 31 31 31
-30 -32 31 -17 31 -32 31 -32 31 -32 -32 -32 17 31 -4 21 31 -5 3 4 31 31 4 31 31 15 -32 27 31 31 31 -32 -32 31 31 31 31 31 31 31 25 6
-32 31 9 -32 31 31 -32 -32 -32 -12 31 31 2 31 -1 31 31 -32 31 -32 -32 31 31 -32 31 -20 31 31 -32 -32 -32 -28 31 21 10 -19 31 6 30 10 31 -32
31 -21 16 31 31 -32 -32 -32 31 31 -8 -32 31 31 28 -8 -32 29 31 18 -32 -32 -32 31 -32 31 -32 -32 31 -8 31 -8 -32 -32 -18 -8 31 31 -2 31 -30 22
-32 11 18 -32 31 -32 -32 31 31 -32 -32 31 31 24 2 -32 11 31 31 -6 -32 31 -32 31 31 -2 -32 -32 31 31 31 -32 -32 -32 -32 -32 -31 31 18 -32 31 13
-5 -32 -32 -32 31 -32 19 -32 25 31 -32 31 31 11 -14 17 31 31 -2 31 31 -32 31 31 7 31 -14 -32 -32 -32 -32 -32 31 31 -9 -32 9 28 23 17 31 31
2 12 1 -32 22 31 -32 -32 31 -32 -32 -15 -4 -6 -14 19 31 31 31 -32 -32 -32 -32 -32 -32 -11 0 31 31 -32 31 -13 31 -32 -32 31 -32 -16 -32 5 31 4
-21 31 31 31 -32 -32 -32 -24 31 31 31 3 31 31 31 31 -32 -16 31 -12 31 31 31 -32 -32 31 -32 31 20 -32 31 -22 -32 -32 -10 11 31 -32 31 31 3 27
-10 -13 31 31 31 -1 -32 -32 -32 31 31 -12 27 -32 31 1 31 14 31 -8 -32 31 31 -32 31 31 31 31 31 31 -32 31 31 -32 31 31 31 -32 31 31 31 31
-25 -4 11 -14 31 31 31 4 31 31 -32 31 -15 24 21 -12 31 26 15 31 15 4 31 31 -32 -1 11 -32 -32 31 31 -32 -32 31 27 11 15 -14 3 -7 31 31
21 31 -11 31 -19 31 -14 -32 31 30 31 31 31 -32 3 31 31 2 27 -32 31 31 31 -32 31 -32 31 -32 31 -32 31 -32 31 -32 -32 -32 27 31 31 31 9 11
4 21 5 -32 31 -32 20 0 -32 31 31 -8 -32 31 31 -32 -2 -11 31 23 -32 -32 31 -32 -32 -32 -2 -32 31 -32 -32 31 -32 17 31 -32 31 9 19 31 29 5
29 31 -13 31 -32 31 -30 31 31 -32 -32 -32 5 3 -32 10 25 31 31 -21 31 -32 -32 31 -32 -32 28 31 31 31 -32 -20 -32 -32 -19 4 31 31 29 31 -10 14
31 31 31 -3 31 -16 14 31 -16 -32 31 -22 9 -21 14 31 31 19 31 9 31 -32 -32 -32 -32 31 25 -32 9 31 -32 31 -32 -4 -32 -14 -6 -19 9 -32 31 -23
1 16 31 31 31 31 -31 31 -32 -32 -32 -32 -17 -32 11 -15 31 31 31 23 31 31 -32 -32 31 31 25 31 -32 31 31 31 -32 31 29 -32 -32 31 31 31 31 15
-25 -16 -17 -4 17 31 -32 -32 -32 -32 -32 -17 31 -32 -18 -15 -32 16 31 -5 -32 -32 8 31 31 31 31 -32 -32 31 -32 31 31 31 -10 -32 31 14 -9 -3 31 9
9 18 -21 31 -32 -32 -32 -32 31 -32 -32 31 -4 31 -27 -17 31 5 23 3 31 -32 31 -32 31 -12 -32 -32 -32 25 -32 -32 17 -32 31 -32 31 31 31 -32 31 -5
-32 -32 6 16 31 13 -7 31 19 31 -32 -16 -32 31 29 31 -32 -4 10 -12 -8 31 31 31 -32 31 -32 31 23 31 31 31 31 -11 13 -32 13 31 31 31 31 -27
-31 31 -32 15 -32 -32 31 -32 -32 -32 -32 -32 -20 31 8 6 -6 -13 31 -16 -32 -32 31 -32 31 -9 31 31 31 31 -32 -32 -32 -4 -32 18 -27 31 31 31 4 -32
15 -32 -32 -32 -32 -32 -32 -32 31 -32 -32 31 -22 -32 15 -12 31 31 31 19 31 -32 -32 -32 31 -5 10 -32 31 -32 -32 -32 31 -8 14 31 -27 -2 9 4 31 14
15 12 -32 -32 -20 -32 -32 31 31 31 -32 -8 31 28 31 31 -15 -5 -32 -2 31 31 -32 28 31 31 -32 -32 -32 -32 31 -32 -32 -32 -32 31 31 -23 20 31 -32 -6
-32 6 -14 26 31 -22 3 31 31 31 31 31 -19 31 -16 14 31 31 31 18 31 -32 31 -32 -32 31 27 31 -32 -32 -32 -32 -32 -32 31 31 31 31 -1 27 15 31
-32 22 27 -15 -32 31 -32 31 -32 -32 31 -26 1 -12 23 14 19 -17 -26 25 31 31 29 31 -32 31 -17 -32 31 31 31 -32 -32 -16 31 -14 -23 29 31 11 30 31
-11 -32 24 31 18 31 31 -32 -32 -32 31 -32 -12 -3 -6 7 31 -10 6 -2 31 -32 31 31 -32 -32 -32 8 -32 31 -32 31 -32 -32 31 4 -11 -19 -32 11 31 14
-20 21 12 23 -32 31 31 31 -32 31 31 -32 -12 31 -12 -29 31 -17 -14 0 -32 31 -32 -32 31 -32 5 -32 -32 31 -32 31 31 31 -32 31 30 31 30 31 31 26
22 31 2 -32 -23 31 31 -32 -32 -6 -32 -4 31 31 -25 27 31 11 13 -8 -4 -32 31 -32 31 31 -32 -32 -32 -32 -32 -32 31 -26 31 9 11 14 -5 31 -31 31
3 -32 31 -32 31 6 16 29 31 -32 31 -32 5 31 31 -32 -13 -14 -14 -26 31 6 31 31 31 -32 31 -32 -32 -32 -32 31 -32 -32 -32 -32 31 -5 19 23 -32 15
-32 -32 31 -32 31 -32 -32 31 -11 -32 31 12 31 18 31 15 6 5 31 19 -32 31 -32 31 -32 -32 -32 -32 31 6 -32 -32 11 -32 -23 -20 14 -17 31 31 -32 -2
-10 31 31 31 31 31 -32 -32 -32 31 -32 31 31 31 -3 31 -32 -24 31 -7 -6 -32 -32 -32 31 31 23 31 31 31 -19 31 -32 31 -23 3 31 9 31 -32 31 25
-8 15 -32 31 31 31 8 31 -32 31 31 -32 -10 31 31 31 12 -32 31 -32 31 -32 -32 -32 -32 31 -2 31 31 2 31 -32 -32 -32 -26 -26 31 -29 31 31 -23 31
8 31 -32 -32 -32 31 17 31 -32 -32 31 -32 27 31 -2 26 24 -16 31 22 31 -32 31 -32 31 -32 31 -32 -32 -32 31 -32 31 -32 -25 2 31 -22 31 31 21 31
-1 31 7 28 -21 28 31 26 -32 31 -32 -32 -21 -4 24 -4 31 5 31 -5 31 31 -32 31 31 -32 18 -32 -32 11 -32 -32 31 14 -32 31 5 -32 18 -13 29 -23
-32 31 -32 -32 -32 11 -32 -32 -32 31 -32 4 31 31 -27 -31 31 31 31 -20 -32 -32 -32 -32 31 31 -32 -32 -32 -32 31 31 -19 -32 31 31 31 6 9 28 6 31
-11 -15 -25 -32 -32 31 -32 -32 31 31 31 -32 30 31 31 31 -32 30 -5 21 31 31 -32 -32 -32 -32 -28 -32 -32 31 31 -32 31 -12 -32 -11 31 -29 -4 14 31 -8
-19 31 18 31 31 -32 31 31 -32 31 31 -6 20 31 -32 -32 -6 -30 31 4 31 31 31 -32 31 -32 -32 -32 31 22 -32 31 17 31 31 -32 31 31 -4 31 -32 28
31 -32 31 -32 -32 31 -10 31 -32 31 31 -32 -2 31 31 -7 31 -32 -21 -32 -32 31 -32 31 -32 -16 -32 31 31 31 -32 31 16 -32 -25 -4 -7 3 -1 31 -32 -32
-10 31 23 -32 31 -17 -32 -32 -32 31 -32 15 14 14 27 31 12 -11 31 31 31 -3 31 31 31 31 31 -32 -32 5 31 31 -32 -8 -32 31 26 31 31 31 6 27
-32 -18 -32 31 -32 31 23 -32 31 -32 31 -18 -32 11 -5 31 31 -32 -2 -19 -32 31 31 31 -32 31 -32 31 31 31 -32 -24 31 -32 -27 -4 20 -32 -12 -7 -18 7
-32 24 31 4 -32 31 31 -32 -32 31 -32 -22 11 31 27 17 -9 -32 31 -32 -32 -32 31 31 13 -32 31 31 -16 -9 -32 -32 31 -32 -3 31 31 16 -32 -7 31 1
31 15 10 31 -32 -32 31 31 31 -32 -32 -32 -32 31 18 13 31 7 26 31 31 31 -32 -32 -32 -20 31 -32 31 31 -32 -32 -32 -32 -32 31 31 -12 12 31 -15 -15
18 21 8 31 31 -32 -32 -32 -32 31 31 16 -16 -8 -8 -32 31 -14 17 -22 -32 23 -32 -32 31 -32 -32 31 -32 31 31 -32 31 -27 31 -13 31 31 -20 31 31 -32
-26 31 31 31 24 31 -32 31 -32 -32 18 -32 -2 -32 31 19 11 -4 29 -2 -32 -32 30 31 31 31 31 -32 31 -32 31 31 31 -32 -16 31 -22 -2 28 27 31 -32
-32 -32 28 4 -32 31 31 31 -32 31 31 -31 31 -32 -13 31 22 -4 31 18 -32 31 -32 -32 -32 31 -3 15 -32 -32 -32 31 -32 -32 -14 -32 31 10 -18 31 11 -3
-32 31 23 19 -2 -32 20 31 31 31 14 -32 14 31 3 -32 31 22 20 17 -32 7 31 -32 31 31 31 31 -32 -32 -32 -32 -32 31 -32 -16 -32 -13 -16 31 -4 24
24 -31 -23 -32 31 -32 -23 -32 31 31 31 -11 16 28 31 16 31 -1 -32 -32 31 15 -32 -32 -32 15 -32 31 -32 -30 -32 -32 -32 28 -32 14 31 31 -12 6 31 -10
-5 22 -21 -32 31 31 31 -32 -32 -32 -32 -32 31 31 -21 29 31 -32 31 -32 -32 -3 31 31 -32 -32 31 -32 31 31 -32 -32 -32 18 -25 30 31 29 31 31 5 21
-32 -32 26 -32 -32 -32 -32 31 -32 -32 -32 -9 31 31 31 -21 31 26 31 -32 -32 -32 31 -32 -32 31 -7 31 -32 31 -32 31 -11 -32 25 31 -32 -8 31 31 31 -32
-10 31 -25 11 -32 -32 19 31 31 31 31 31 31 7 31 13 31 31 -32 -24 -32 -32 31 31 -32 -32 -32 31 31 31 -32 -32 -32 31 31 -22 31 31 31 -32 31 4
-20 22 8 5 31 -32 -32 -32 31 -32 -32 -9 18 5 5 31 -5 -32 31 22 31 31 31 31 -32 -32 31 31 -32 -32 -32 31 31 -32 -9 31 31 31 7 31 31 31
30 -18 -32 -32 31 18 -32 31 -32 31 31 -22 31 31 7 31 31 31 31 -31 31 31 -32 -32 31 -32 -32 31 31 -32 -32 31 31 -32 -32 -25 -27 -5 24 31 31 9
-5 -32 -2 13 11 31 31 31 -32 -32 31 15 1 31 5 -24 31 -32 31 31 31 31 31 -32 -32 -32 -32 31 31 31 -32 31 31 -21 -11 -32 21 21 -1 31 31 -2
31 -25 19 31 -20 31 19 -6 -32 -32 -32 -32 31 31 24 31 31 -32 -10 -32 31 18 31 -32 -32 -13 31 -32 -32 -32 -32 -32 31 31 22 -32 31 30 -32 9 31 -6
16 -21 -4 -32 -32 -32 -32 31 -32 -32 31 23 -15 31 20 25 -24 10 1 -19 -32 -27 31 31 31 -32 -3 31 -32 -32 -32 31 -32 31 -32 -32 31 15 2 31 -32 3
-22 -32 31 -32 31 -32 -32 31 31 31 -23 20 -32 31 9 31 -32 31 31 -8 31 -32 31 31 -19 31 -32 31 31 5 -32 31 31 -1 31 26 12 2 31 17 7 -32
8 -32 31 -32 -32 31 -32 -32 -32 31 -32 -32 24 -2 11 6 31 -32 -12 11 31 31 -32 -32 -32 -32 31 -32 -32 31 31 -32 -32 31 31 -32 3 31 31 12 31 31
-24 31 16 -32 -32 -32 7 15 31 -32 -32 -32 20 30 -15 31 31 31 31 -32 31 31 31 31 31 31 -32 31 31 31 31 31 -32 -32 -32 31 31 6 1 -29 31 -25
-28 7 31 -32 -32 31 31 31 31 -32 31 0 -5 -18 31 5 31 -6 31 10 19 -32 31 -32 31 31 -32 31 -32 -32 -32 -32 31 -13 -27 -14 31 31 -7 -32 -7 24
20 31 17 0 11 -32 31 -32 20 -32 31 -7 31 31 31 31 31 20 10 -28 31 -32 -32 -32 31 -32 31 -32 -32 31 -32 31 0 -32 -32 18 -5 31 31 31 31 -32
-32 11 31 -32 28 23 31 31 31 31 31 -32 26 -27 31 31 31 31 7 -32 -32 -32 31 -32 -32 -32 1 31 31 -32 31 -32 -32 6 -32 -3 -23 31 19 -27 31 -4
23 -8 -32 31 29 19 31 -32 -32 31 -32 -32 23 31 5 -16 31 -32 -32 -5 31 31 -32 31 -32 -32 31 -32 31 31 -32 -9 -32 -32 13 -27 31 31 17 31 31 28
-32 -22 31 31 31 31 -2 -32 31 -18 31 -13 14 11 -3 22 31 5 -1 31 -32 13 14 31 -32 31 -32 31 -32 -32 -32 31 -32 -32 31 -27 18 31 31 31 -32 -2
16 -32 -10 -32 -32 -32 -32 -32 -32 -32 -32 -32 -4 2 31 28 31 6 31 -32 -32 31 31 -32 31 31 31 -32 31 -32 31 31 31 15 31 31 -8 31 31 21 31 -32
-32 31 -32 -32 -32 -32 2 15 -28 26 -32 -32 -6 -17 -11 27 31 -22 -32 3 31 31 -32 -32 31 -32 -32 4 -32 -32 -27 -32 -32 31 6 -32 -32 31 9 31 31 -3
15 -9 -16 -32 31 -32 -32 31 -21 -32 -32 -19 31 31 31 31 31 -32 31 -11 31 -32 -32 -32 -32 31 31 -32 20 -32 31 -32 -32 31 12 -32 -17 7 1 31 31 19
-12 -32 31 -32 31 -21 31 -32 31 -32 31 -32 16 31 12 0 31 31 -3 31 -32 -32 31 -32 31 31 31 31 -32 -32 31 31 31 -19 16 31 31 31 -3 21 -20 31
15 24 14 -21 31 31 31 -32 31 -32 31 -16 31 30 31 31 31 -32 -32 31 -32 -32 -32 0 31 3 -32 31 31 -32 31 -32 31 -27 31 -32 31 -32 31 -5 29 31
-12 19 31 -32 -32 -32 31 -32 31 31 -32 -32 -3 31 31 15 31 31 31 3 -32 31 -32 -32 -32 20 31 -32 31 -32 -32 -32 -32 4 -7 -32 31 31 -11 -29 31 8
7 -4 21 25 31 31 -32 31 -32 31 1 -32 -12 31 17 31 31 9 31 -14 31 -32 -32 31 -32 -31 -3 31 -32 -32 31 -32 -32 0 -23 -9 12 28 5 -23 -32 -32
4 -32 7 -5 -32 -32 -32 -32 -32 31 21 -2 -32 31 -28 -6 31 -32 0 -13 -32 31 31 -32 -32 31 7 31 -31 -32 -32 -32 31 24 -18 31 31 31 31 9 31 31
-13 31 10 31 -32 -32 -32 -32 31 31 31 -32 17 1 31 15 31 31 31 -18 -32 31 31 -32 -32 31 31 -32 -32 -32 -32 -32 31 -32 31 -32 31 31 31 -27 31 19
-14 18 12 31 -32 -32 31 31 31 31 31 -32 -18 -32 -4 12 26 -12 31 19 -32 31 -32 -32 31 -32 25 31 -32 -32 -32 31 31 19 -15 -32 31 -14 31 -28 31 -3
-32 -32 31 -32 31 31 -32 31 -32 -13 -32 -32 31 -19 13 23 31 -17 31 -21 31 31 -32 31 31 -17 31 -32 -32 -32 -32 -32 31 -25 31 -15 -19 31 13 -5 31 -27
3 -7 6 -32 31 31 -32 -32 -32 -32 31 -32 31 12 31 31 25 -18 1 31 2 31 31 -32 -32 -32 2 -32 31 -32 31 31 -32 15 31 -32 8 -29 31 31 -32 31
31 -32 31 -32 -32 28 31 31 -32 -14 -32 -32 31 31 10 -4 31 -32 -7 -24 31 -32 31 -32 31 -32 -14 31 31 -32 31 -32 31 -32 -32 31 31 22 31 31 31 31
-22 31 -32 31 -32 -32 -4 -32 31 -32 12 3 -7 26 -4 11 31 -13 17 -32 -32 -32 -32 31 31 -32 -32 31 -32 31 31 -32 31 -2 -32 -32 31 10 -32 31 31 31
-32 7 -32 31 -32 -32 -32 -32 31 31 -32 -32 -10 -32 -7 24 3 -24 30 6 31 31 -32 27 -32 -32 31 31 -32 -32 24 -32 -32 -32 31 31 -32 31 -24 0 30 -32
-32 31 12 15 31 31 -32 31 31 -32 -32 -21 1 28 12 9 31 -32 31 -15 31 -21 -32 -32 -32 31 -11 -32 31 -32 15 31 -32 9 -31 7 -10 31 31 -14 31 11
-20 18 0 -32 31 31 31 31 -32 31 -32 -32 -24 28 -21 18 31 -26 30 -5 -32 -32 31 31 31 -32 -32 -32 -18 -32 31 -32 -32 -32 -9 -32 -7 31 -5 31 5 31
-3 31 -12 -16 -32 -32 -32 -18 31 31 -32 2 -14 11 28 -3 31 -32 7 30 31 31 -22 31 31 31 31 -32 31 -32 31 31 -32 -32 31 31 31 -27 31 31 21 22
-29 31 -32 -31 31 -32 -32 31 31 31 -5 -1 31 31 -13 -24 31 24 31 30 -32 -32 -26 -32 31 -14 13 31 -32 31 31 31 -32 -32 -32 31 31 9 22 -2 -5 31
-24 -23 0 31 31 31 -32 -32 -32 -32 -6 -32 21 31 6 5 -19 31 1 31 -32 31 -32 31 -32 -32 31 31 31 31 -32 31 -32 -32 17 -32 9 31 4 23 31 31
-32 -32 -19 -32 -19 -32 31 -32 -32 -32 31 -20 7 18 28 4 31 24 2 -25 -32 31 -32 31 31 31 23 31 31 -32 -32 -32 -32 31 -16 31 19 9 -27 27 31 0
-12 31 26 31 -32 -32 5 -32 -32 31 23 -22 11 -17 27 -3 31 -32 -7 -32 -32 6 -32 -32 31 31 31 31 31 31 -32 -32 31 -32 -32 2 21 10 -32 -9 29 31
-13 -32 31 -32 31 31 -32 -32 31 -32 31 -1 1 31 -3 -7 31 -15 31 -26 31 31 31 -32 31 -32 9 -32 31 31 -10 31 31 -16 -9 26 -12 31 24 31 -12 31
19 31 -9 -32 31 -32 31 31 31 -32 31 -31 31 -30 7 23 31 11 -24 -3 -32 31 -32 31 31 31 31 31 -11 -32 -32 2 31 -5 31 31 31 -8 19 31 31 -32
-17 -32 7 -21 31 22 8 -32 31 -26 -32 -12 22 31 12 -26 31 31 -16 -7 5 -32 31 31 -32 31 31 31 31 31 -32 31 31 31 -32 -5 7 20 17 31 29 14
-23 31 22 -32 31 -32 -32 31 31 -32 -32 -32 6 31 31 31 31 31 31 31 31 31 -32 31 -22 -32 -32 -32 31 2 -32 22 -1 -32 -32 -32 18 31 -3 -32 31 -2
-22 -30 31 -6 -32 -32 -11 31 -32 -32 -32 -32 19 31 31 -3 12 3 2 -29 31 31 -32 31 -32 -32 -32 -32 -32 30 31 31 31 -1 -32 -32 31 31 26 31 31 -4
31 31 31 31 9 -32 -32 31 -32 -32 31 -3 31 28 23 10 31 31 31 8 31 -32 31 31 31 31 -32 31 -32 -32 31 31 -32 -32 -32 31 -12 -13 18 31 31 4
-25 -9 -3 -26 31 -32 -32 -32 31 31 31 -21 31 -32 31 1 31 0 1 -32 31 -32 -32 -32 -32 31 31 -32 -32 -32 19 -32 -32 -32 -32 -15 31 31 -1 -18 -10 -6
-32 0 13 -32 31 -32 31 -12 -12 -32 -32 -32 5 23 14 1 31 -32 31 -32 31 -32 31 31 16 -32 7 31 -32 -32 31 31 31 31 -32 -32 31 -32 20 18 -32 -3
2 31 -32 1 31 24 -2 31 31 -32 -32 12 15 31 13 -19 31 -9 3 -31 31 -32 -32 31 31 31 31 31 -32 -32 -32 31 -32 -32 -32 -26 31 17 13 31 7 31
-17 18 15 31 31 31 -32 -32 -32 21 31 -32 -27 15 -5 31 31 31 26 -28 31 31 31 -32 31 31 31 -32 31 -32 31 -32 -32 19 -32 -17 -32 13 -32 6 31 -6
18 17 -32 12 -32 -32 -32 31 -32 -32 -32 -32 6 -1 26 4 31 -23 -32 3 -32 31 -32 -32 31 5 -1 -32 31 -32 -32 31 31 -32 14 -32 31 -2 -32 3 31 31
30 10 28 31 -32 -32 -32 -32 31 31 -32 1 23 31 1 -21 2 -21 31 -29 31 -32 31 -32 31 31 -32 -32 31 21 31 -32 -32 29 -18 -32 31 31 -32 30 18 -2
-32 -32 31 -32 -32 31 -32 31 -32 31 31 -32 31 -32 27 31 -32 7 28 9 31 -32 -32 31 -32 -32 29 -32 -32 27 -32 -32 31 -10 -32 -32 31 -32 -12 -1 28 12
-32 -23 31 31 31 -32 -32 31 31 31 31 -32 20 2 31 22 31 -29 31 12 31 -32 31 -32 -32 31 -32 31 -32 -32 31 -32 31 -32 31 -31 30 15 -28 31 -14 31
5 31 -18 -11 -32 -32 31 31 31 31 -32 -32 8 11 8 18 31 10 -32 -10 31 -32 -32 31 31 -32 31 -32 31 -32 31 31 -20 -32 31 -32 31 8 31 -32 31 0
31 31 31 31 31 -32 31 -32 -32 31 31 -20 22 31 -20 6 31 -20 31 29 31 -32 31 -32 -32 -32 31 -32 31 -32 -32 -32 -32 31 -32 2 31 -20 13 31 29 31
31 -2 24 -16 31 -32 30 -32 31 -22 31 -32 7 31 -9 31 31 -32 31 21 -32 -32 -32 31 -32 -32 31 31 -32 4 31 31 31 27 30 -32 25 7 31 -32 31 31
-32 -12 31 -32 -32 31 -32 -32 -32 31 3 -32 28 -32 31 24 31 15 17 23 -32 -32 31 31 31 -32 -5 -32 31 -32 -32 31 31 -32 19 -32 -4 16 7 31 31 14
-20 31 3 -32 31 31 -32 -32 -32 31 31 -32 23 31 -26 31 -3 -26 10 12 -32 -32 4 -32 31 31 -31 -32 31 31 31 -32 -32 31 -16 -26 -22 28 -1 31 4 -11
-32 -32 3 31 -32 31 -32 -32 31 -32 -32 31 0 -3 25 15 31 31 -10 4 -32 31 -32 31 -32 18 -32 -32 -32 31 -32 -32 31 -32 11 31 -4 31 31 -32 31 31
19 31 -32 14 31 -32 -32 -32 -32 -32 31 31 31 15 31 31 10 -7 -6 -32 31 31 31 -32 -32 31 -32 -32 31 31 31 31 31 6 -31 5 26 31 4 31 26 -6
9 31 -32 -30 20 -32 22 31 -32 31 31 -25 31 31 0 31 31 -32 -32 -32 31 -16 31 -32 31 10 14 31 -32 31 31 -32 -32 20 -32 -9 31 -24 31 -32 31 31
-32 -32 3 -32 -32 -32 -32 -32 31 31 -32 31 31 31 22 31 31 -3 31 0 -8 -32 -5 31 31 -32 -21 31 31 -32 -32 -32 31 4 -14 -16 21 31 4 31 31 3
31 -24 31 16 9 20 30 31 31 31 31 8 29 31 -32 -7 31 -32 31 31 31 31 -32 -32 -32 31 -32 31 -32 -32 -32 -32 -32 3 18 -32 -32 31 31 31 31 31
-32 10 11 3 6 -32 -32 19 31 31 -32 -32 -8 19 31 31 31 -32 31 -32 31 -32 -32 -32 31 31 -32 31 -32 31 -32 31 -32 31 -32 -32 -32 -9 -2 18 15 31
-29 31 31 0 24 31 -32 31 -13 31 -32 31 31 -8 6 19 -32 -32 31 -12 -32 31 31 31 31 -32 -32 10 31 -32 31 31 31 23 4 -32 31 -32 14 31 31 31
-32 -32 31 -32 31 -32 31 25 31 31 31 -32 31 31 25 31 31 -8 -4 -4 31 7 31 31 -32 -32 -32 -32 28 6 -32 31 31 -23 -32 -32 31 8 -5 31 -24 31
-30 -16 31 -32 -32 -32 -32 31 31 -4 11 -32 -32 31 31 -21 -17 19 1 -32 -32 31 31 31 31 -32 31 -32 -32 31 -32 -32 31 31 31 31 12 10 -15 31 26 -17
-11 14 31 31 -32 31 -26 31 31 -32 -32 -12 -22 10 -13 9 -10 -16 12 -32 31 -32 -32 -32 -13 -32 31 -32 -32 -32 31 -32 31 -32 -17 5 -7 31 17 6 2 23
-28 -32 31 -10 31 31 31 -32 31 31 -32 -16 17 -22 -32 8 -32 -32 31 24 9 -32 -6 31 31 31 -32 31 31 -32 31 -32 31 -32 31 -17 17 14 31 31 -32 20
18 21 -21 31 31 -32 31 31 -32 31 31 -32 13 16 4 19 -32 -32 -32 31 31 31 31 31 31 -32 -32 -32 31 -7 31 31 -32 -18 -20 -32 -8 -20 -22 15 31 13
-32 31 31 -32 -1 31 -14 14 -32 -32 -32 9 31 31 16 0 -32 -32 25 -28 -32 -32 -32 -4 -32 -20 10 -32 31 10 -32 31 15 -32 -32 10 31 31 12 31 27 -15
31 31 31 -32 31 -32 7 31 31 -32 31 -32 -26 -20 10 25 31 -12 22 3 31 31 31 -32 -32 -32 31 31 31 31 -32 31 -32 -26 -8 -32 -22 -32 4 31 10 20
-29 31 -32 14 -32 31 18 25 -32 -32 31 3 15 31 -24 -15 31 12 31 -32 31 31 -24 -32 -32 -32 31 -32 -32 -32 -9 -32 -32 -32 -32 -32 31 -29 31 31 17 -8
-28 31 -32 31 -32 -32 -32 -32 31 0 -32 -9 5 31 -27 3 31 9 29 -24 -32 -32 31 -32 31 31 -32 -32 31 -32 31 31 31 13 -7 -11 4 31 31 20 31 31
-24 -32 -32 -32 31 -12 -32 -11 31 31 31 -17 22 -4 13 -27 27 -32 31 -32 -32 31 -32 31 31 -32 -20 -32 31 -32 -32 -32 31 -18 -8 -32 -32 31 29 31 -32 31
7 -18 -4 -24 -32 31 -32 -32 31 -32 5 -25 -10 31 -29 14 31 10 31 -11 31 -32 3 -32 31 31 -32 31 31 31 31 -27 31 -32 -32 31 31 30 4 -21 -7 14
-14 31 30 1 -32 -21 -32 31 31 -32 -32 -32 30 31 10 -24 31 31 31 11 -32 -32 -32 31 -32 31 -32 -32 31 31 -32 31 -32 -23 2 -32 7 -32 7 31 -15 -21
0 -25 2 -32 27 -32 31 -32 -32 27 -32 27 -14 30 8 -32 -32 18 31 -14 25 -32 -32 31 31 -32 -32 31 31 17 31 -32 -32 -32 -20 26 31 31 31 31 31 31
-32 -32 -22 -32 -32 -15 -32 -32 -32 -32 -32 -32 -30 -32 -18 22 31 31 -17 -2 -32 31 -32 -32 -28 31 31 -32 -32 -32 -32 31 -32 31 -7 -32 31 -15 7 -32 31 31
-32 31 31 9 -32 31 -32 31 -32 31 31 31 -6 31 20 -23 31 -22 27 31 31 31 -32 31 -32 -32 -16 -32 -32 31 31 -32 -32 -32 -32 -32 -15 18 21 31 13 6
-32 -32 -6 31 -32 31 -32 31 -32 31 -32 -32 27 31 29 -15 31 2 0 31 -32 -32 -32 -32 31 -32 -32 31 -32 31 31 -32 31 -32 -5 25 31 15 13 31 6 -1
-32 -32 1 -30 -32 -26 -32 -32 31 31 31 31 9 31 31 -19 -32 -32 31 -32 31 -32 -32 31 31 -32 -32 31 -32 31 -32 31 31 -12 -30 -32 -21 31 31 31 31 -32
-32 -32 21 14 31 -32 -32 -32 -32 31 -32 -32 8 0 31 -17 16 31 31 9 31 -32 -32 -32 31 -32 31 31 31 -32 31 -32 -32 31 31 -11 31 -16 31 22 -32 31
-2 20 23 31 -32 -32 -32 18 -26 -20 31 21 31 -7 31 8 -32 20 31 6 31 -32 31 -32 -32 -32 -32 -32 31 31 31 -32 -32 -32 -32 31 31 21 31 0 31 -32
14 -26 3 31 31 31 15 -32 31 -6 -32 -32 26 31 -32 31 31 23 31 31 -32 -32 -32 31 31 5 -32 -32 -32 28 -32 -32 -32 20 -32 -32 31 31 7 22 -11 31
-32 -32 17 -32 -15 -32 23 29 31 -23 31 31 -2 31 -32 -12 -5 -32 -8 -5 31 -32 31 31 31 31 30 -32 -32 31 -32 31 -32 -32 31 -32 22 -6 31 -4 -32 -8
0 -32 31 -15 -32 -24 -4 -32 31 -32 -32 -1 -15 31 -12 21 31 -4 27 31 31 -32 -32 -32 9 31 -32 -32 31 31 31 31 -32 0 -28 -32 31 -13 31 -14 31 31
-32 -32 31 -20 -32 -8 31 -32 31 -32 -32 31 -32 -32 31 31 31 -32 -23 -14 -32 31 31 -32 -32 31 31 31 -32 31 31 31 -32 31 -21 -32 31 29 31 -32 31 -2
-17 31 -25 -32 -21 -32 31 -32 -32 31 31 -32 31 4 16 -30 31 -32 -11 -32 31 -12 -32 -32 31 -32 -32 31 -32 -32 31 31 31 -5 31 -28 10 25 11 31 31 19
-13 31 -32 14 31 16 -32 -32 31 31 -32 -32 5 31 31 26 30 31 -32 7 31 31 -32 31 31 31 31 31 -32 31 -32 -32 -32 -16 -2 -32 -11 31 31 7 1 30
-7 31 19 31 -32 0 -32 -32 -32 -32 -32 -32 -14 14 31 -30 -11 -22 31 31 -32 31 31 -32 31 9 28 31 -32 31 31 31 -32 -4 31 6 -32 -12 31 7 -32 30
-32 31 13 19 31 31 31 10 31 -32 -32 31 23 -13 31 15 31 -32 29 31 -32 -32 31 -32 -32 -4 -32 31 -32 -32 -32 31 6 -32 14 -4 31 -7 12 -18 31 -15
-28 31 31 -32 -32 31 31 -32 31 14 -32 31 7 31 11 6 31 -6 31 30 -32 -32 31 31 -32 31 31 -32 31 -32 -32 -32 31 -32 31 10 3 26 10 31 -32 8
-32 -32 31 -5 31 31 31 31 -32 31 31 -12 -29 31 31 31 31 -22 1 -16 31 -19 -32 31 31 -32 31 31 31 -32 31 -32 -32 11 -32 11 9 3 -17 31 31 -4
7 31 31 -32 31 -32 -16 -32 -32 14 -32 31 31 31 31 31 31 -32 20 -32 -19 -32 -32 -32 -32 31 -23 31 -23 31 -32 -32 -32 -32 -19 -7 31 -10 -9 10 31 31
31 29 -7 -20 -32 31 -32 -32 31 -32 -32 -32 31 31 -31 -3 31 31 31 -7 31 -32 31 -32 -32 -32 -11 -23 -32 31 -32 31 -32 18 -14 2 8 17 -5 31 31 -32
-32 31 -8 -32 -32 -32 31 -32 31 -32 31 -9 -22 31 -16 15 25 31 -32 2 31 31 -32 -32 31 -32 31 -32 31 31 31 -32 -32 -32 31 31 -16 27 31 9 15 -14
-9 -32 17 -32 -32 -32 -13 -32 31 31 -32 -32 1 -12 23 -21 3 -11 -32 11 -32 -32 -32 31 -32 31 19 31 -32 -32 -32 -32 -11 -32 -32 18 14 24 31 31 30 31
-17 -32 31 -32 -32 -5 -32 31 31 31 31 5 -26 31 31 22 31 -31 -32 23 -18 -3 31 -32 -32 31 31 -32 31 -32 31 31 31 20 -16 31 7 31 31 31 31 31
31 -32 31 -6 -20 31 -32 -32 31 31 31 -8 31 31 31 -7 31 -5 26 -25 31 31 15 31 -32 31 -32 -32 31 -32 31 -32 -32 -32 31 31 31 -5 7 31 31 -5
9 31 31 -7 31 31 -32 13 31 -32 31 -32 -32 31 31 23 -32 4 31 -32 -32 -32 -32 31 -32 7 6 -32 -32 -30 31 -9 31 8 -7 31 31 -7 31 19 25 8
5 -32 19 -32 -32 -32 -6 -32 31 31 31 -32 28 -29 11 -25 -32 -7 -7 -32 31 13 -32 -32 -32 -7 -32 31 31 31 31 31 -32 26 -32 -32 25 20 26 31 11 -3
31 -32 -32 28 -32 -32 8 31 -32 -3 31 30 31 25 -32 -14 31 31 31 -15 31 31 31 31 -32 -16 -32 31 -32 -32 31 -29 -32 26 31 -32 26 31 31 31 -32 16
-32 31 31 -7 -25 -32 31 31 24 31 -32 23 30 31 31 31 -32 31 22 11 -32 31 -32 -32 31 31 31 -32 9 25 -32 -32 -32 31 -27 -32 31 21 -32 -10 19 31
2 -32 31 11 -9 31 -32 -32 -32 -32 31 29 -13 25 31 -32 31 -9 31 -32 31 31 31 -32 -32 9 -32 -32 -32 31 31 31 31 31 3 -32 21 31 -32 31 -17 -4
19 -32 0 31 31 -32 -32 31 31 31 -22 31 -32 -32 -4 31 31 -14 19 31 -32 31 31 -32 31 -25 -16 31 31 -32 20 -32 31 16 -32 -32 31 31 -24 31 31 -6
-3 -32 31 -32 31 31 5 31 -32 -32 31 -18 -9 -32 31 -6 31 14 27 -32 31 31 31 31 10 -32 -32 -32 -32 -32 -14 -32 -32 -32 -32 -32 13 -26 19 -1 -16 -31
-12 19 31 13 31 -32 -13 31 -28 31 31 31 31 -8 31 31 31 -32 31 -24 -32 -19 31 13 31 31 -32 31 31 31 -32 31 -10 31 19 31 31 4 -32 9 31 31
11 -3 -5 31 31 31 -32 31 -32 28 31 31 21 31 -5 9 31 31 31 -13 31 -32 -32 31 31 -32 -17 31 -32 -32 31 31 31 31 31 -2 -20 -5 -16 31 31 29
-23 -32 -32 -32 -32 6 25 -32 31 20 -32 -32 11 -21 31 -32 13 31 31 31 -32 31 -32 31 -26 31 -7 31 -29 31 -32 31 -32 -32 25 31 23 31 31 -4 31 20
11 31 -16 9 31 -30 25 31 31 31 -32 0 -25 -32 19 -13 -32 13 12 -32 31 31 31 31 -32 -32 9 31 -32 -23 -32 31 -32 -32 31 31 -24 -32 31 -28 19 0
-12 -32 -32 31 -32 29 31 -12 31 -32 -32 -4 31 30 31 31 31 -15 11 17 -32 -32 -32 31 31 -32 -32 31 31 31 -32 31 -32 31 16 -32 31 -11 8 0 31 31
-16 31 15 31 31 -32 -32 31 -32 31 31 -25 31 -8 31 3 30 -32 31 0 31 31 -32 31 -32 31 22 31 -32 -32 31 -32 31 7 -2 -32 31 -19 19 24 31 -19
-27 -20 31 -32 -32 -32 -32 -32 -32 31 -32 -10 31 31 31 30 31 -3 31 -32 31 -32 31 31 31 -32 -26 31 31 -32 -32 -32 -32 -11 3 -32 31 31 31 -8 2 31
19 31 -12 -32 27 31 13 23 -32 -32 -32 -32 -5 -32 31 -12 -26 -24 19 10 31 31 27 -32 -32 -32 -32 -32 31 31 -32 31 -32 -8 -15 4 31 31 -32 31 31 -2
-32 -19 31 -32 -32 31 -32 31 31 -32 31 19 23 31 31 -2 31 -32 31 -32 -32 31 -32 -32 31 31 -32 31 -4 31 31 -32 31 -32 -32 11 17 -23 31 31 31 31
31 31 31 -32 31 -32 -32 31 31 31 -32 31 3 7 31 31 -32 -28 21 -32 -32 -32 31 -32 -32 -32 -16 31 31 31 31 -32 -28 31 -32 -6 18 31 23 31 31 13
-20 2 31 -9 -32 31 31 -32 -32 31 -32 -9 -4 31 11 -26 31 -4 9 -32 -32 -32 31 31 -32 -32 31 -32 17 -32 31 -32 -32 31 -32 31 31 -4 31 22 19 -25
31 31 -1 5 31 31 -32 10 31 31 -32 31 31 31 17 31 31 29 31 -5 31 -32 -32 31 31 -32 -19 31 31 31 -32 -27 31 17 -32 -32 5 -14 31 16 -32 -31
31 31 31 31 -26 31 -32 31 31 9 31 -32 -16 31 -27 -1 -22 2 -15 -32 31 31 -32 31 -32 31 31 31 -32 -1 31 -32 -32 31 -32 31 -15 -22 -23 11 31 21
-30 -32 2 -32 -32 31 19 -18 31 31 31 31 31 3 10 29 31 -32 12 1 -32 -32 31 31 -32 -32 -32 31 31 31 -32 -32 31 -4 31 -32 28 -17 31 31 14 31
-17 -32 31 -32 24 -32 -32 -19 31 31 31 -32 9 -32 -25 31 -32 -32 -19 -2 -32 -3 31 -32 -32 10 31 -32 31 -32 31 31 -32 20 -16 -32 31 -9 -19 31 31 31
-31 31 20 -30 31 -32 27 31 -32 31 31 -1 31 -32 27 -32 31 -1 31 -21 31 11 31 31 31 31 -8 31 31 31 31 -32 -32 -7 -32 -31 -14 -17 -4 31 10 14
-11 -14 -32 -32 31 31 -32 -32 -32 -32 -32 -32 18 31 1 9 31 -13 17 -32 -32 -32 31 31 31 -32 -20 -32 -32 31 31 -32 31 -13 -22 -32 -5 6 31 31 6 -9
8 31 10 -32 31 -32 15 31 31 19 -32 -29 -10 5 27 31 30 -25 5 8 31 31 -32 31 31 -26 31 -32 -32 31 31 31 -32 -11 -32 -14 -25 31 31 5 31 31
-32 -32 31 -32 -32 31 -32 -32 31 31 -32 -32 12 31 11 26 31 7 31 0 -32 -32 31 31 -32 21 -32 -32 31 -32 -32 12 31 9 -16 31 9 -8 9 -32 31 -32
-9 -32 9 -6 -20 31 -32 -32 31 -32 31 -32 31 -10 31 11 31 -27 -32 -5 31 31 -32 31 31 -32 31 -32 31 -32 -32 -32 -32 31 31 31 -12 6 -5 -1 31 14
13 31 -6 29 -32 -32 -32 -32 -32 -32 -21 -6 28 31 27 -31 31 -32 3 -11 31 -32 31 -32 31 31 -32 -32 31 31 -32 -32 -32 -32 -32 10 31 -10 31 31 23 31
-11 -31 19 15 1 31 -32 -32 4 31 31 31 2 -8 2 31 -8 -32 31 -32 -19 31 31 31 -32 31 -19 -32 31 31 31 -32 -32 9 31 -32 31 -27 19 31 31 -11
19 -11 31 26 31 -32 31 31 31 -32 31 -30 -29 30 4 -5 -20 -32 -8 31 31 -32 -32 -32 -32 -32 17 -32 31 -32 31 -32 -32 2 12 18 16 31 -32 31 -32 10
-32 31 31 -11 31 -32 -26 31 -32 -32 31 18 -2 -17 31 28 31 -32 31 3 31 31 31 31 -32 31 -32 -32 -32 31 -32 31 -32 -32 31 -20 12 15 -25 31 -21 -15
8 -32 13 -32 31 31 31 31 -32 31 31 -28 -14 31 31 31 30 11 -5 -8 31 -32 -32 -32 -32 -8 -32 -32 -32 -6 -32 31 31 16 -32 2 31 28 31 31 31 31
-29 -32 27 -32 13 -2 -32 31 -32 31 -32 -21 16 -2 16 31 31 25 -21 12 -32 -32 14 31 31 31 28 31 31 31 -32 -32 -32 -31 -32 31 31 31 4 5 31 21
31 4 13 30 -32 -32 -5 -32 -32 -32 -32 -1 12 22 31 31 -14 12 31 31 31 -30 31 -32 31 31 31 -32 31 31 31 18 -32 31 19 -32 -15 5 -3 12 31 5
21 -19 31 31 -32 31 2 31 -32 31 -32 19 25 31 31 16 31 -12 31 31 31 -32 -32 31 31 -32 31 31 -32 -32 31 -21 31 -5 -32 -32 3 20 31 12 31 -6
-31 -32 31 -32 -9 31 31 -32 -32 -32 31 -10 31 -32 31 31 31 -32 31 -32 31 31 31 12 -32 -32 -32 31 31 -32 31 -32 -32 31 -14 31 16 -28 1 -32 -32 12
31 -32 3 31 -32 4 -7 -32 -32 -22 31 -32 31 0 20 3 31 31 31 -32 -32 31 -32 31 31 31 15 31 -32 -32 -32 31 31 -32 -32 1 -22 31 21 31 31 8
10 -32 16 -11 -32 -32 -32 31 31 -32 -32 31 -15 31 31 -24 31 -32 -27 -12 31 31 31 31 31 31 -9 -32 -32 31 1 -32 31 -26 3 31 -17 -19 27 -10 31 -17
-25 31 31 -32 -22 -32 -32 31 -32 -32 -32 -32 -11 3 -7 -31 31 -32 1 -5 -32 -32 31 -32 8 31 31 31 -32 31 -32 -32 -32 -12 -28 -32 17 1 31 -26 31 1
24 -32 31 -32 -32 31 -32 -32 31 -32 31 31 -19 31 13 16 -32 18 15 -32 31 -32 -32 31 31 -1 -32 31 -32 -32 31 -32 31 -32 -32 -32 31 -22 11 31 31 -32
-14 -9 21 -32 31 28 31 -32 -32 23 31 -26 31 31 31 2 31 -29 16 -17 -32 31 -32 31 -32 31 -7 31 31 31 -32 -32 31 27 31 31 16 21 31 -22 -14 1
19 31 -32 31 31 -32 -11 31 31 31 -32 21 -31 8 31 19 31 -15 31 -31 -32 -32 -32 31 31 -32 11 -32 -32 -32 -32 31 31 -32 -32 31 31 31 -5 31 -10 1
2 4 1 -32 31 -32 31 -2 31 31 -32 31 18 31 31 31 31 31 -26 31 -32 -32 -32 -32 -32 31 -32 -32 -32 31 31 31 -10 -31 -4 7 31 15 -11 10 31 -32
-32 2 12 -32 -26 -32 -32 31 31 31 21 -32 18 -21 -7 24 18 -2 25 -12 31 -32 -32 31 -32 11 -32 31 31 -24 31 -32 31 -32 -32 22 31 31 23 31 31 31
-24 -32 10 31 31 31 7 31 -32 31 -32 13 -31 31 31 26 31 -32 31 -32 31 -32 31 -32 -32 31 -12 31 -32 31 -32 31 31 -32 14 31 31 31 -2 -9 17 -20
-15 31 -8 31 31 -32 -32 31 -32 21 31 -22 -9 7 31 0 -14 25 31 15 -32 -32 31 31 -32 -32 31 -32 31 31 -32 31 -32 31 -25 31 31 -30 31 31 31 5
-4 -32 16 -1 -32 -32 31 31 31 -10 31 -32 18 31 -23 0 -11 27 12 1 31 -32 -32 -32 31 -32 31 31 -32 7 31 31 31 -28 -18 31 31 10 15 10 31 -11
-8 31 17 -5 -32 0 31 31 -32 31 31 -32 -6 1 8 16 31 -32 10 -15 -17 31 -32 -32 -32 -32 -32 -32 -32 -32 31 31 -32 -32 -32 31 31 -32 15 24 31 -7
-1 -22 27 9 -6 31 31 -32 31 -27 -32 31 -21 31 -26 -24 -3 -11 31 16 -32 31 31 -32 -32 31 -22 31 31 -32 -32 -32 14 -32 -32 31 -24 -2 4 -32 31 31
-4 23 31 -32 -32 -11 16 17 -32 -32 31 -32 -24 31 15 -14 31 -32 -7 -32 -32 31 31 -32 31 31 31 31 31 -32 -32 31 -32 9 -17 -32 10 -7 -29 31 -20 19
-32 -30 14 -20 -32 -32 -32 -32 -32 31 31 1 29 18 31 -8 -32 9 31 0 -32 -32 -32 31 31 -32 -32 31 -32 1 31 -32 31 31 -32 9 31 19 18 11 31 15
-32 12 24 -12 -32 -32 -30 31 31 -32 31 -14 31 31 27 18 31 21 31 20 -32 31 -32 31 -19 4 -32 -32 31 -32 -32 31 -32 3 -32 -32 31 31 31 -32 -25 20
-32 -32 31 -22 -32 31 -32 31 5 -25 -32 -32 19 -22 31 9 -5 -32 -6 31 -32 31 31 31 31 -18 31 31 31 -32 -32 31 31 24 31 -32 31 -32 31 -32 31 17
-32 31 21 4 -32 30 31 31 31 -32 -32 7 -15 31 28 16 -13 -21 11 -32 31 25 -32 -32 31 31 31 -32 -32 31 31 31 -32 31 2 -32 18 31 30 22 31 24
31 31 -32 31 -32 -32 -15 -32 31 31 31 -18 31 31 -22 29 -32 -27 -4 31 31 31 31 -32 31 -16 29 -32 -32 -32 31 -32 -32 18 22 -32 2 26 9 31 -24 -21
17 31 -32 -32 31 27 17 31 31 -16 -32 31 3 31 30 9 -32 -16 25 31 -32 31 31 -32 31 31 -24 31 31 31 -32 -32 -32 31 13 31 14 31 -32 31 31 31
-32 31 10 -6 31 -13 -25 -32 -21 -32 -32 24 -11 31 12 21 31 31 31 -4 31 -18 -24 -32 -32 -32 -31 31 31 31 -32 -32 -32 31 8 28 -11 10 -32 31 31 -6
-13 26 22 -32 -32 -32 31 -32 -32 31 -32 -32 8 31 31 27 31 26 14 -32 31 31 -32 31 -32 -32 -32 31 31 -32 -32 31 -32 30 31 31 31 -9 31 -32 31 31
-21 -32 31 11 0 31 -32 31 -32 -25 -32 -32 -2 2 16 21 31 -27 25 31 -32 -6 31 31 -31 -32 -1 31 31 -32 -32 -32 -32 31 -32 -32 11 0 5 -15 31 20
19 12 -6 -32 31 -32 12 31 31 -32 6 31 -32 31 10 -18 -32 -13 29 -32 31 -5 -32 31 31 -32 13 26 31 -32 -32 31 -32 31 31 31 -27 -16 29 31 31 -20
27 -32 -11 31 -32 -32 -14 -32 17 -16 31 -32 -31 -6 -32 0 31 -15 31 -32 -32 31 -32 31 31 -32 31 31 31 -22 -32 31 -32 -12 10 11 31 14 31 24 -3 14
-32 8 31 -32 31 -32 -32 31 31 -32 4 7 29 31 12 31 31 14 7 28 31 31 26 -32 -32 31 -5 -20 31 24 -32 31 -32 11 -32 -7 -16 -14 31 21 31 -32
-23 9 25 31 31 11 -32 31 -32 12 -32 -32 31 31 -10 7 31 -32 -1 -12 31 31 31 31 -32 -32 31 31 31 -32 31 -32 -32 15 -32 -32 22 -32 -8 -28 28 28
31 -32 -19 -32 31 31 11 31 31 -32 31 25 31 5 17 -3 -32 -32 -32 -32 31 31 -32 31 31 -32 31 31 31 -32 -32 -32 4 -15 -32 31 5 -20 -9 31 22 8
-32 31 0 17 31 31 -32 -7 31 -16 31 5 31 31 19 -32 31 -32 -6 -32 31 -32 -32 -32 -32 -32 31 31 31 31 31 31 -32 -32 -32 -32 31 10 30 22 5 -17
4 31 17 -18 31 31 16 -32 -32 -32 -32 -32 31 31 -9 1 -32 23 31 -31 31 -32 31 -32 -32 31 -2 31 31 24 31 31 -32 19 -25 -32 15 23 31 31 22 31
-32 31 -9 26 31 -32 -32 31 -32 31 31 6 31 3 9 -32 31 16 -7 17 31 31 31 -32 31 -32 -32 31 -32 31 -32 31 -32 -18 5 -31 31 24 -20 -32 21 -9
-32 31 -32 -32 -32 31 2 31 31 -32 -32 7 31 2 31 31 -32 -25 31 23 31 9 -32 -32 31 -32 0 31 -32 -22 -32 31 -32 -23 -30 -32 31 -17 10 -3 10 -4
-13 31 -19 -32 31 -32 31 -32 31 -32 31 31 18 26 31 20 31 -17 31 -32 -32 31 -32 31 31 -17 -32 31 -32 31 31 -32 31 -25 -22 -4 22 31 -32 31 31 25
-28 -9 21 -23 -32 -32 31 -32 31 31 -32 -21 20 31 -27 12 31 14 11 27 31 8 31 -32 31 -32 12 -32 -32 31 -32 31 -32 -32 7 -2 6 31 -27 31 31 31
0 27 31 -22 31 31 -32 -32 31 31 -32 -32 31 31 31 -32 31 31 16 -32 -32 31 31 31 -32 -16 -32 -32 31 -12 -32 -32 31 31 -32 31 14 31 31 31 31 3
7 -32 -27 -32 -32 31 -3 -32 -32 -32 31 -32 -9 31 -13 -32 31 -30 -12 -31 31 31 23 -32 -32 2 -32 31 -32 31 -32 31 31 -21 31 -32 5 -6 -11 31 31 -1
-3 9 -32 18 -32 -32 -32 -32 25 21 31 -32 3 -1 -31 26 -22 -6 31 31 -32 31 -32 -32 -32 -32 31 31 31 31 31 31 31 31 29 -32 31 31 -32 31 31 -14
-1 -32 5 -26 25 31 31 31 31 -32 -32 17 14 -2 31 26 4 -23 3 31 -32 -32 31 -32 -32 -21 31 -32 -32 -32 17 -32 -32 -32 31 31 31 31 31 31 31 -19
21 31 31 27 -32 8 -32 -32 -32 -32 31 -32 -5 -27 31 18 31 -32 25 31 31 31 -32 -32 31 -32 -32 31 -32 31 31 31 -32 7 31 -32 -12 12 31 31 -32 -13
-23 2 31 31 31 -32 -32 -32 -24 -32 -32 -20 31 10 14 23 -32 9 31 -32 31 -7 -10 31 31 -32 -32 -32 -32 31 -32 31 31 -32 -9 18 -19 -4 31 31 -32 31
-27 31 -32 -15 31 -9 -32 12 -32 -25 -32 -22 22 31 31 14 31 -19 -26 31 31 31 -32 31 31 31 -16 -32 -32 -26 31 -32 31 13 0 31 23 31 31 -11 31 -26
31 -32 31 -32 -32 -32 31 31 31 -25 -32 6 31 31 -10 -32 14 31 31 -15 31 31 31 31 -32 31 31 -24 -32 31 -32 -32 31 31 7 31 31 1 31 19 -32 31
15 31 31 31 -32 31 31 -6 -32 31 31 -27 19 -32 1 23 -15 -17 -10 31 31 31 -32 -32 31 31 -32 31 -32 31 -32 31 -32 -18 -32 -32 21 -23 -32 -8 31 31
-32 25 13 -32 31 20 9 31 -32 -32 -32 -32 -19 15 -2 -12 -32 -23 19 -4 31 31 -32 -32 -32 31 31 31 31 -32 31 -32 -32 -2 31 31 31 31 -19 31 1 14
25 13 31 31 31 31 31 17 -3 31 -32 31 -32 19 3 13 -32 5 8 -15 31 31 -32 31 31 31 -32 -32 -32 -32 -32 31 -32 30 -32 -32 16 31 11 31 31 5
1 31 -32 -32 -32 31 -15 31 -32 -32 31 -32 16 3 12 19 31 31 27 -32 31 -32 -32 -32 31 -32 29 31 -32 -32 -32 31 -32 31 31 -32 21 21 -29 -32 31 31
-22 -32 -3 -23 -32 15 31 -32 31 31 25 31 31 -5 -32 12 -19 -20 31 -32 -18 -32 31 -32 -32 -32 15 -32 -32 31 -32 -32 -32 -3 -32 -32 -2 26 31 -32 -25 -3
31 5 31 28 -32 31 31 31 -32 -32 31 -32 -14 28 -15 -32 31 20 31 -7 -32 31 31 -32 31 31 -32 31 -23 -32 -32 31 -32 -22 -32 -32 31 31 -3 31 31 22
27 -32 8 -32 31 -32 -32 31 -32 -32 31 -32 10 31 31 -32 31 -10 31 -24 -32 -32 31 -32 31 -32 -32 31 -32 -32 -32 -32 31 -17 -32 -32 -32 8 31 31 31 29
-27 -32 31 -32 -32 -32 31 31 31 -32 -32 25 31 31 11 23 31 -10 29 -13 31 -32 31 31 -32 31 31 -32 -32 5 31 31 -32 -3 -32 -32 -22 31 19 31 -32 7
-32 31 13 20 -32 -32 -32 -32 -32 31 -32 -28 1 31 31 31 -32 31 -13 28 -32 31 31 -32 -32 -32 31 -25 31 -32 -32 31 31 22 -32 31 8 31 31 31 31 -4
-32 -32 -26 31 31 11 31 31 31 -32 -32 -32 31 31 31 14 5 -8 -3 -23 31 31 31 31 31 31 31 31 31 28 -32 31 -32 -32 -32 -12 -7 -1 31 26 31 31
4 31 25 31 -32 31 31 31 -32 31 -32 -32 -16 31 31 31 31 31 -32 31 -32 31 31 -32 31 31 20 -32 31 -32 31 -32 31 8 -32 -1 31 31 8 -4 31 28
-10 31 31 31 -32 31 -32 -32 31 31 -32 19 7 31 31 31 -32 23 18 -32 -32 31 31 -32 -32 -32 31 31 31 31 -32 -32 31 -32 31 -32 23 31 31 8 31 31
20 31 -11 8 31 -32 -32 -32 -32 31 31 -13 31 31 -17 -32 -32 -5 31 -4 31 -32 -32 -32 31 -32 31 -32 -32 -32 -32 31 31 -8 -32 -32 31 -16 -7 -5 31 13
26 -9 -32 31 -32 -32 31 31 31 -32 -32 -32 9 6 31 8 31 2 31 -21 -32 31 -32 31 -32 -32 -13 31 31 31 31 31 31 -32 -32 -32 24 6 31 -32 31 30
-32 -32 31 4 -10 -21 -29 -32 31 -32 -32 4 -1 -27 22 -1 31 16 31 27 31 -32 31 -32 31 -32 -18 -32 -32 5 31 27 -32 31 -32 -32 -3 -9 24 12 31 -20
-15 22 31 -32 31 31 31 -32 31 -32 31 -25 0 -17 31 -28 31 -21 4 0 31 -32 31 -32 -32 31 -15 31 -32 -32 -32 31 31 -32 -24 31 31 31 -19 31 31 -32
-22 14 -26 -32 -32 -20 -29 -32 31 31 31 31 31 31 15 1 -32 7 25 31 31 31 -32 -32 31 -32 11 -32 31 -32 31 -32 20 -30 -32 -11 28 31 -15 14 -32 31
14 -32 31 26 31 -32 -32 -32 -32 31 -32 -32 -32 11 31 31 31 -32 31 8 -32 -32 -32 31 31 -3 -8 -32 31 -32 -32 31 -32 -32 16 -32 7 19 15 10 19 14
-5 -29 31 -32 31 -32 -32 31 -32 31 30 4 -32 31 -10 -16 -32 31 31 31 31 31 -32 -32 31 31 -32 31 -32 31 -32 -32 31 21 16 14 31 31 31 -2 -32 31
19 -13 18 29 -32 -32 3 -32 -14 -32 -32 -32 28 31 0 7 31 4 31 -19 31 31 -32 -21 -23 -32 31 31 31 14 31 -32 31 5 -32 -29 31 -32 31 31 -5 -32
-14 31 31 -32 31 -32 -32 31 31 -32 -32 -7 31 25 12 31 31 6 25 -32 -32 31 -32 -32 -32 -32 31 -32 31 4 31 -32 -32 -32 -32 31 21 13 30 31 31 23
-2 -14 31 31 -19 -32 -21 31 -32 31 31 -32 12 22 -32 14 19 16 26 4 -32 31 31 -32 31 31 31 -32 -32 31 31 31 -32 31 -12 -32 31 16 5 -4 31 1
-32 31 -1 31 -32 -32 7 -32 -32 31 31 -12 20 -12 31 -24 31 27 31 5 31 -32 -32 -32 -32 -16 31 -32 -32 -16 31 -32 31 -2 13 -32 31 30 -5 31 31 6
23 31 31 -32 -32 -32 -13 -32 -32 31 31 -32 -20 31 -25 -32 -32 31 17 -5 31 -13 -32 31 -32 -32 -5 31 31 13 -32 -32 -32 -32 -32 -32 31 -32 -2 31 -32 31
-32 31 22 -32 -32 31 -32 15 31 31 -32 -7 -23 18 -20 10 -32 31 31 25 31 31 -32 31 -32 -32 -14 -32 -22 31 31 31 -32 -32 -32 -32 31 31 31 31 31 -32
8 31 31 31 31 -19 -25 -6 -32 31 31 -32 0 -13 28 19 31 -32 -32 -32 -32 31 31 -32 31 -21 24 -32 -32 31 -14 -32 31 -32 21 -32 -17 -32 -17 -26 31 -32
-32 31 -6 -32 -32 -32 31 -32 -32 31 -32 -32 -19 25 -32 31 31 29 31 -32 31 31 -1 -32 -32 -32 31 31 31 31 31 -32 31 -2 17 -32 31 6 -15 -8 16 -9
5 -3 17 -32 31 -14 -32 -32 -32 31 31 -12 27 -28 31 31 31 -18 -20 -14 -32 -32 -32 -32 -32 -32 -26 31 -32 31 31 31 -32 -32 28 -2 31 4 -26 -32 16 31
-7 -5 18 16 31 31 -23 31 -32 -32 31 -23 8 31 -2 31 19 -32 31 -22 -32 31 31 -32 31 31 -27 31 -32 31 -32 31 31 -16 -32 -32 29 -15 31 31 31 31
-6 31 31 -32 31 -32 13 -32 -32 -32 -32 -32 31 0 -19 31 31 31 -25 31 31 -32 -32 -32 -32 21 -5 -21 -32 31 -32 -32 -32 8 -22 -32 31 -29 9 13 31 2
-22 14 21 31 31 31 -32 -32 -32 -32 -32 -32 12 9 8 -25 31 25 31 -20 -32 -32 -32 -32 -32 31 31 31 31 31 31 -32 31 -30 -4 -32 31 -32 -10 26 31 -29
-32 -32 31 8 31 31 6 -14 -32 2 -32 -32 -23 31 22 31 31 7 31 31 31 -32 31 -32 31 -32 31 31 -32 -32 31 -32 -32 -32 -32 -14 -32 31 -21 -18 31 12
-19 31 20 -32 31 -32 -32 -32 -28 -32 31 31 31 -32 -27 31 31 -18 31 -20 -32 31 -25 -32 -32 -32 -20 -32 -32 -32 31 -32 31 -32 20 -32 31 3 23 31 31 17
-2 12 24 -32 31 31 31 -32 -32 -32 -32 6 7 31 -14 -8 31 -23 5 -32 -32 -32 26 31 31 31 -32 -32 -32 -32 31 31 -32 -8 -32 -11 31 19 27 31 31 18
5 31 -23 -17 31 29 -31 -32 31 -32 31 -32 31 31 31 20 27 -32 2 19 31 31 -32 -32 31 -32 14 31 -32 31 -32 -32 -32 7 28 -32 -1 31 31 -32 31 31
10 31 -31 31 -32 31 -32 -32 31 31 31 -32 31 11 -15 31 31 -26 13 -10 31 2 -32 31 -32 31 -32 -32 31 -32 -32 31 -32 16 31 -32 31 -25 31 -32 31 31
9 -32 17 -16 13 31 -32 -32 -32 -32 31 -32 22 31 31 -21 12 -21 16 -6 31 31 31 31 5 -32 -32 13 31 31 -32 31 31 31 -32 31 31 23 17 -24 31 16
-23 -2 -20 25 -32 -32 -13 31 -32 31 -32 -32 31 31 7 8 31 23 31 2 -32 -32 -32 -32 31 31 31 -32 8 31 31 -32 31 -13 16 -32 -15 -32 31 31 31 23
19 -30 8 -32 -6 -32 -32 -32 -32 31 31 -32 -6 31 31 31 -30 -32 31 -27 31 31 -32 -32 -32 31 -22 31 31 -32 31 -32 -32 31 -32 13 31 -32 31 31 23 2
-31 14 31 -32 -32 31 31 31 31 8 31 -12 2 25 21 5 -4 -3 28 -13 -32 -32 31 31 -32 31 31 -32 24 16 31 31 31 17 6 -32 31 -27 31 31 31 -32
-13 31 -15 -21 -32 -32 -31 31 31 31 -32 5 16 22 31 31 31 -17 31 -26 -4 -9 -32 -32 -32 -30 4 -32 31 7 -32 -32 31 31 31 -32 -32 -16 21 -32 -32 -6
-4 12 -6 31 -32 2 -22 31 -32 -32 -32 -32 14 31 -32 2 -32 28 7 -32 31 -32 -32 31 15 31 31 -32 31 31 31 31 -32 -32 -9 31 5 -8 31 31 31 31
-30 31 19 -32 31 31 -32 -32 -32 -32 -32 -32 31 -2 31 5 31 18 -2 5 -32 31 -32 -32 31 -2 -21 31 -32 31 -32 31 31 -32 31 -32 31 5 31 31 31 -2
-27 8 18 0 -32 -10 -32 31 31 -32 -32 27 14 6 31 31 -4 16 24 -29 -32 -4 -32 -32 -32 -32 29 -32 31 -32 -32 31 -32 -32 31 -20 31 -26 27 28 31 -3
27 31 -18 31 31 -32 -20 -32 -32 31 31 -28 -8 16 17 -32 31 -21 31 -32 31 -2 -32 31 -32 -32 31 -32 -32 -32 -32 31 -32 -32 3 31 -32 31 8 22 31 10
-20 31 31 31 31 -32 23 -32 31 -32 6 -32 20 17 7 -15 31 -32 -32 20 -32 -32 31 -32 31 -1 -32 31 31 31 -32 31 -32 -18 -32 -32 31 31 20 6 -30 31
-32 -32 -32 -32 31 11 -32 31 -32 -32 31 -32 -1 11 19 8 31 15 12 -3 31 31 -32 -32 31 -8 -17 31 31 -8 -32 31 31 -32 -8 31 -32 31 8 31 31 -32
13 31 -1 11 31 31 31 -32 -32 26 31 -32 31 31 -30 7 4 9 31 24 31 31 31 -32 -32 -32 -32 -32 -32 31 -32 -32 31 14 12 -32 3 31 31 31 31 -7
-28 31 31 31 -32 -32 -32 31 31 31 -32 -32 31 6 -32 31 0 0 -2 -15 31 -32 -32 -32 31 -32 23 -32 31 -32 -3 8 31 -32 -25 -32 9 31 -27 31 31 1
-32 -13 31 -7 31 -32 13 31 -32 31 -32 -32 -3 31 -32 31 31 8 31 21 -32 -32 31 -32 31 -32 -32 31 31 31 31 -32 31 -32 31 31 -16 16 31 31 9 31
-32 28 31 12 31 5 -20 -32 -32 -32 -32 30 -13 -32 -24 -32 31 -32 31 -3 31 -28 31 -32 31 -32 -25 31 31 31 -32 31 -32 -4 -32 31 31 -3 15 31 31 -8
-32 -31 31 -32 -5 -32 18 31 31 -32 31 -32 22 -21 -18 22 31 31 12 -3 -32 31 31 -32 -32 31 31 31 -32 31 -32 -32 -32 -32 -17 28 27 0 3 31 31 31
-32 31 8 -32 -32 31 -32 -32 31 -32 31 -32 -28 31 12 19 -32 -6 8 31 31 31 31 31 31 31 -20 -32 31 -32 -32 -32 -32 6 -32 -15 31 26 -32 -3 -10 31
-32 -32 -32 -32 13 -32 -32 -32 31 31 -32 1 -29 31 31 31 31 31 -8 -32 31 31 31 31 -32 -32 -32 11 -32 18 -32 -32 -32 -32 -32 7 10 15 31 7 -30 -20
31 -32 -32 -32 -32 -26 -32 31 31 -32 -32 31 -25 31 -15 -12 -28 27 15 -32 -32 31 31 31 31 -32 -26 -32 -32 -32 31 31 31 -32 -14 7 31 31 15 -32 31 -32
-9 -32 15 -6 -32 26 -32 -32 -32 -32 5 -17 2 -5 31 -32 -32 31 31 -7 31 31 -32 -32 -32 31 -32 31 -32 -32 -32 31 0 -32 -32 31 -32 31 6 25 -21 31
17 8 31 -32 -32 -32 -15 -32 31 31 31 -32 1 31 -32 31 -32 31 -4 -6 31 31 -32 31 -32 31 27 31 31 31 31 31 -4 -8 15 -32 -12 -32 26 31 4 -9
-32 31 31 31 31 31 -30 -32 31 22 31 -32 -9 31 12 31 10 -32 5 -11 31 31 31 31 6 -32 -32 -32 -32 -32 31 -32 -32 16 -30 -32 -2 31 -23 31 31 31
31 -32 31 31 31 31 -32 -32 -32 31 31 -25 -2 30 30 25 31 -21 31 5 -32 -32 -32 31 31 31 -32 31 31 -32 31 -32 -32 -32 -32 -32 -5 5 31 -31 31 -4
-12 -32 -19 -32 -32 31 31 31 31 -32 -32 -32 16 -18 -32 -25 31 -32 0 -13 -32 31 -32 -32 31 -6 -32 -32 31 -32 31 -32 31 -32 -32 10 -9 -10 -3 20 31 5
5 -32 13 -12 -32 31 31 31 31 -32 -32 -22 14 -15 7 0 31 -32 31 31 31 29 -32 31 -32 28 -25 -15 -32 -32 13 31 -32 -32 -26 -23 31 -5 31 15 31 31
-15 13 -24 31 -32 -32 31 31 -32 -32 31 -32 31 31 -27 31 31 14 31 31 -32 -32 -32 -32 -32 31 -12 31 -32 31 31 -32 -32 -32 -1 31 28 31 -32 31 -2 -32
-23 29 31 -32 31 -32 31 31 31 -32 -32 -8 0 31 2 31 31 13 0 31 -32 31 -32 31 31 -2 -28 -32 -32 7 31 31 31 24 -32 -32 31 31 17 31 31 20
-4 -32 31 -12 31 31 -32 -32 31 -32 -32 7 18 31 31 31 31 -13 12 31 31 31 -32 31 31 -32 31 31 -32 31 31 31 31 22 31 -32 31 2 -20 23 31 18
-32 -25 -32 -2 -32 -32 -29 -32 28 -32 -8 15 25 31 31 14 31 -32 31 -5 -32 31 31 -32 -32 31 31 -32 31 -28 -32 -32 -32 -14 -32 14 31 -31 28 -32 31 31
27 25 31 31 -32 -32 31 -25 -32 31 -32 -32 0 31 11 31 23 2 -18 -8 -32 -32 -32 31 -32 31 -32 31 -32 12 -32 -32 31 -5 -14 29 26 31 -13 31 17 31
-31 -16 31 -32 -2 -32 31 -32 -32 31 -32 -32 9 31 31 31 31 -28 8 31 31 -32 31 -32 31 31 -22 -32 -12 -32 31 -32 -32 31 31 -19 -9 -5 -15 4 31 -13
5 31 31 -18 -32 -32 -32 31 -32 -12 9 -15 31 -32 10 31 -32 -12 31 31 31 -32 -32 -32 31 31 -14 31 -32 31 -32 -32 31 31 -32 -32 13 -19 27 31 12 4
25 0 15 11 31 31 31 -8 -32 -32 -32 -32 -2 -26 -32 31 31 29 31 2 31 31 -32 -32 -32 -32 -6 -11 -32 -32 31 31 -32 -32 31 -32 -9 29 11 31 31 -4
-32 31 29 -32 -32 -32 31 31 31 -21 -32 -32 -2 31 14 -10 31 -13 31 -32 -32 -32 31 -32 -32 31 25 31 31 -17 31 31 27 31 -32 31 14 31 21 5 -14 11
6 20 -18 31 31 31 24 31 31 31 31 -32 9 31 -32 31 31 29 31 -7 31 -32 31 31 -32 -32 -32 31 -32 -32 31 -32 31 -32 -7 -32 -17 -23 2 4 -32 31
0 -32 31 -32 31 31 26 31 31 -32 31 -32 14 1 31 31 31 -18 31 -26 -18 -32 -31 31 -32 31 -32 31 -28 31 -32 31 31 9 -32 -32 -17 -18 31 16 31 31
-32 31 -32 -32 -32 31 -32 31 -32 31 31 -32 31 -27 31 -8 -32 31 27 -32 31 -32 -32 31 31 -32 30 3 -32 -32 31 31 31 13 9 -13 31 0 31 24 14 -32
-32 -32 31 31 -32 -32 31 31 31 31 31 31 30 31 -11 9 -32 31 31 -32 31 31 -32 31 -32 -2 31 31 -32 31 -32 31 -32 -32 12 25 23 -32 31 31 31 13
8 -32 -32 -17 -32 -32 31 31 31 31 31 6 21 -32 26 6 -32 1 2 -32 -32 -32 -32 -32 -32 6 9 -32 -32 31 -32 -32 -32 -32 -24 31 26 28 15 31 31 -14
10 -1 31 26 31 31 20 31 -32 -32 -32 17 9 26 16 31 31 -32 -6 -32 31 30 18 31 31 -17 30 31 -32 31 -32 31 31 -30 -32 -32 31 -13 31 31 31 29
28 -27 31 31 20 11 2 -32 -32 31 31 -32 4 31 -14 31 29 31 31 25 -32 11 -32 31 -32 -32 -32 -32 -32 31 31 -32 -32 -32 -22 -27 31 -3 -3 31 -13 1
-30 -18 31 -32 31 -32 -9 31 -32 -32 31 31 31 31 -2 31 31 4 31 -1 -32 -32 31 31 31 -6 -32 31 -32 -32 -32 31 -32 -20 4 -32 31 -32 -32 -1 12 6
-32 -32 1 31 -20 31 -32 31 -32 31 -32 -32 31 31 31 16 31 26 -32 -1 31 31 31 31 -32 23 -23 -32 -32 -32 31 -32 31 -29 26 31 -13 -29 31 -6 31 23
1 31 -1 -32 31 -32 -32 31 -32 31 31 26 -18 31 31 31 -32 -18 31 11 31 -32 -32 31 31 -9 16 31 22 31 -32 31 31 -32 -32 -31 31 -3 -32 24 13 -9
