23 -32 -32 -32 -32 -32 -32 -32 -32 -32
31 -32 -32 -32 -32 -32 -32 -32 -32 -32
31 -32 -24 -32 -32 -32 -32 -32 -32 -32
31 -32 -32 -32 -32 7 -32 -32 -32 -12
15 -32 -32 -32 -32 -32 -32 -32 -32 -30
31 -32 -32 -32 -32 -32 -32 -32 -32 -19
17 -32 -32 -32 -32 -32 12 -32 -32 -32
20 -32 -32 -32 -32 -32 -16 -32 -32 -32
31 -32 -32 -32 -32 -11 -18 -32 -32 -32
31 -32 -32 -32 -32 -32 -32 -32 -32 -32
31 -32 -32 -32 -32 -32 -13 -32 -32 -32
31 -32 -32 -32 -32 -32 -19 -28 -32 -32
31 -32 -32 -32 -32 -32 -32 -32 -32 -32
19 -32 -27 -32 -32 -32 -28 -32 -32 -32
-12 -32 -32 -21 -32 -32 -32 -32 -32 -32
-12 -32 -32 -32 -32 -32 -32 -32 -32 -23
31 -32 -32 -32 -32 -32 -28 -28 -32 -32
31 -32 -9 -32 -32 -32 -32 -32 -32 -32
31 -32 -31 -32 -32 -32 -32 -32 -10 -32
31 -32 -32 -32 -32 -32 -32 -32 -32 -29
31 -32 -32 -32 -32 -32 -32 -32 -32 -32
31 -32 -19 -32 -32 -32 -32 -32 -32 -32
25 -32 -32 -32 -32 -32 -32 -32 -26 -27
26 -32 -32 -32 -32 -31 -28 -32 -32 -32
31 -32 -32 -32 -32 -32 -32 -32 -32 -30
31 -32 -32 -32 -32 -32 -32 -32 -32 -22
29 -32 -32 -32 -32 -32 -32 -32 -32 -32
31 -32 -32 -32 -26 -32 -18 -32 -12 -32
31 -32 -32 -32 -32 -32 -31 -32 -32 -32
31 -32 -32 -32 -32 1 -14 -32 -32 -32
31 -32 -32 -32 -32 -32 -32 -32 -32 -11
31 -32 -32 -6 -32 -32 -32 -32 -32 -32
27 -32 -32 -32 -32 -15 -32 -32 -32 -30
31 -32 -29 -32 -32 -29 -32 -31 -32 -6
7 -32 -32 -32 -32 -32 -32 -17 -32 -32
31 -32 -32 -32 -32 -32 -32 -32 -32 -16
7 -32 -32 -32 -32 -32 -32 -32 -32 -11
24 -32 -32 -22 -32 -31 -32 -20 -32 -31
31 -32 -32 -32 -32 -32 -32 -32 -32 -32
21 -32 -32 -32 -32 -32 -32 -32 -32 -24
31 -32 -28 -32 -32 -32 -20 -32 -32 -32
24 -32 -32 -32 -32 -32 -32 -32 -32 -32
11 -32 -32 -32 -32 -32 -32 -32 -32 -17
31 -32 -32 -32 -32 -32 -32 -31 -32 -32
31 -32 -32 -32 -32 -32 -23 -32 -32 -32
31 -32 -24 -32 -32 -32 -32 -32 -32 -32
31 -32 -32 -32 -32 -32 -32 -32 -32 -32
31 -32 -32 -32 -32 -32 -32 -32 -32 -20
31 -32 -32 -32 -32 -32 -32 -32 -32 -32
31 -32 -32 -32 -32 -32 -32 -32 -18 -32
31 -32 -32 -32 -32 -32 -32 -32 -32 -32
31 -32 -32 -32 -32 -32 -32 -32 -32 -32
31 -32 -32 -32 -32 -32 -32 -32 -28 -32
27 -32 -32 -32 -32 -32 -32 -32 -32 -32
31 -32 -32 -32 -32 -32 -21 -32 -28 -32
31 -32 -32 -32 -32 -32 -32 -32 -32 -32
31 -32 -32 -32 -32 -22 -32 -32 -32 -23
-23 -32 -32 -32 -18 -32 -7 -32 -32 -31
18 -32 -28 -32 -32 -32 -32 -8 -26 -19
28 -32 -32 -32 -32 -32 -32 -32 -32 -32
31 -32 -31 -32 -32 -32 -32 -32 -32 -32
31 -32 -32 -32 -32 -32 -32 -32 -21 -32
31 -32 -32 -28 -32 -32 -15 -32 -18 -32
31 -32 -32 -32 -32 -32 -32 -32 -32 -32
31 -32 -32 -32 -32 -32 -32 -26 -32 -32
31 -32 -32 -32 -32 -10 -3 -32 -32 -32
31 -32 -32 -32 -32 -32 -32 -32 -32 -32
31 -32 -32 -30 -32 8 -26 -32 -32 -32
31 -32 -32 -32 -32 -32 -14 -32 -32 -29
31 -32 -32 -32 -32 -32 -32 -32 -32 -32
20 -32 -18 -32 -32 -32 -32 -32 -32 -32
31 -32 -32 -32 -32 -32 -18 -32 -32 -32
31 -32 -32 -32 -32 -32 -32 -32 -32 -32
31 -32 -32 -32 -32 -32 -32 -32 -32 -32
16 -32 -23 -32 -32 -19 -32 -23 -32 -18
31 -32 -32 -32 -32 -32 -32 -32 -32 -27
31 -32 -32 -32 -32 -32 -28 -32 -32 -15
23 -32 -24 -31 -32 -32 -32 -32 -26 -15
31 -32 -32 -32 -32 -32 -32 -29 -17 -32
31 -32 -32 -32 -32 -32 -31 -32 -32 -32
31 -32 -32 -32 -32 -32 -32 -32 -32 -32
31 -32 -32 -32 -32 -32 -26 -32 -32 -21
31 -32 -32 -32 -32 -32 -32 -32 -32 -32
31 -32 -32 -32 -32 -32 -23 -32 -32 -32
31 -32 -32 -32 -32 -32 -26 -32 -32 -32
31 -32 -22 -32 -32 -31 -12 -32 -32 -32
31 -32 -32 -32 -32 -32 -20 -32 -32 -32
31 -32 -32 -32 -32 -32 -32 -32 -32 -28
31 -32 -19 -32 -32 -32 -32 -32 -32 -32
31 -32 -32 -29 -32 -32 -32 -32 -32 -32
31 -32 -32 -32 -32 -32 -32 -32 -32 -22
31 -32 -32 -32 -32 -30 -32 -32 -32 -32
31 -32 -32 -32 -32 -32 -32 -32 -32 -32
28 -32 -32 -32 -32 -32 -14 -32 -32 -32
31 -32 -26 -32 -32 -32 -32 -32 -32 -32
31 -32 -32 -32 -32 -32 -32 -32 -32 -27
31 -32 -19 -32 -32 -32 -32 -32 -32 -32
31 -32 -32 -32 -32 -32 -32 -32 -32 -32
31 -32 -32 -32 -32 -32 -32 -32 -32 -32
15 -32 -32 -32 -24 -32 -27 -32 -32 -32
-32 31 -23 -32 -32 -32 -32 -26 -32 -32
-32 28 -32 -32 -32 -32 -31 -32 -30 -32
-32 31 2 -32 -32 -32 -32 -32 -32 -32
-32 30 -32 -18 -15 -32 -32 -6 -32 -11
-32 12 -32 -32 -26 -32 -32 -16 -18 -32
-32 21 -14 -32 -32 -32 -32 -32 -32 -32
-32 31 -14 -27 -24 -32 -32 1 -2 -32
-32 19 -32 -32 -32 -32 -32 -32 -11 -32
-32 21 -32 -32 -32 -32 -32 -21 -32 -32
-32 31 -32 -32 -32 -32 -32 -14 -12 -32
-32 31 -32 -28 -32 -32 -32 -11 -32 -32
-32 31 -32 -32 -32 -32 -32 -22 -17 -32
-32 31 -32 -32 -32 -32 -32 -28 -27 -32
-32 31 -32 -32 -32 -32 -32 -10 -32 -32
-32 31 -32 -32 -29 -32 -32 -12 -29 -32
-32 19 -32 1 -18 -32 -32 -26 -14 -29
-32 12 -32 -32 -32 -32 -32 -32 -7 -32
-32 31 -32 -26 -32 -27 -32 -23 -16 -32
-32 31 -32 -32 -32 -32 -32 -32 -9 -32
-32 31 -32 -32 -30 -32 -32 -31 -32 -32
-32 17 18 -14 -32 -20 -32 -32 -32 -32
-32 31 -29 -15 -29 -15 -32 -18 -32 -32
-32 23 -32 -31 -32 -32 -32 -27 -17 -32
-32 28 -32 -27 -20 -32 -32 -23 -7 -17
-32 21 -25 -32 -32 -32 -32 -25 -32 -32
-32 31 -32 -19 -32 -32 -32 -32 -4 -32
-32 31 -32 -32 -32 -32 -32 -29 -32 -32
-32 31 -29 -32 -32 -32 -32 -21 -32 -32
-32 26 -22 -32 -32 -32 -32 -22 -21 -32
-32 13 -20 -30 -32 -32 -32 -23 -21 -32
-32 31 -13 -32 -32 -32 -21 -17 -11 -32
-32 31 -17 -32 -32 -32 -28 -32 -5 -32
-32 31 -32 -32 -32 -32 -32 -25 -14 -32
-32 31 -27 -32 -32 -32 -32 -22 -26 -32
-32 25 -32 -32 -32 -32 -32 -20 -32 -32
-32 21 -30 -32 -32 -32 -24 -32 -16 -32
-32 23 -32 -21 -32 -32 -32 -16 -22 -32
-32 17 -32 -31 -32 -32 -32 -28 -23 -32
-32 31 -32 -22 -21 -32 -32 -29 -17 -32
-32 31 -32 -17 -22 -32 -32 -19 -14 -32
-32 31 -32 -32 -32 -32 -32 -13 -22 -32
-32 31 -29 -31 -32 -32 -32 -17 -27 -32
-32 31 -32 -24 -32 -32 -32 -16 -20 -32
-32 31 -25 -32 -32 -32 -32 -32 -25 -32
-32 31 -22 -32 -32 -32 -32 -24 -32 -32
-32 31 -32 -32 -32 -32 -32 -24 -30 -32
-32 31 -32 -32 -32 -32 -22 -30 2 -32
-32 16 -24 -32 -32 -32 -32 -29 -21 -32
-32 26 -26 -32 -32 -32 -32 -32 -22 -32
-32 31 -32 -32 -32 -32 -32 -17 -32 -32
-32 22 -31 -32 -32 -32 -32 -22 -32 -32
-32 23 -32 -17 -16 -32 -32 -32 -14 -28
-32 9 -32 -32 -26 -32 -32 -32 -32 -32
-32 31 -32 -32 -32 -32 -32 -31 -32 -32
-32 31 -32 -17 -12 -32 -32 -32 -1 -19
-32 19 -26 -32 -32 -32 -32 -26 -8 -32
-32 20 -32 -32 -32 -32 -32 -32 -11 -32
-32 30 -27 -32 -32 -32 -32 -25 -32 -32
-32 22 -16 -32 -32 -32 -32 -32 -32 -32
-32 24 -32 -32 -32 -32 -32 -32 -32 -32
-32 31 -32 -24 -6 -32 -32 -15 0 -5
-32 31 -25 -32 -32 -32 -27 -32 -8 -32
-32 31 -32 -32 -32 -32 -32 -10 -30 -32
-32 31 -32 -32 -32 -32 -32 -17 -32 -32
-32 24 -32 -30 -32 -32 -32 -29 -30 -32
-32 31 -32 -16 -23 -31 -32 -19 -1 -31
-32 23 -32 -20 -22 -28 -32 -18 -32 -26
-32 14 -32 -4 -24 -18 -32 -31 -28 -18
-32 29 -32 -32 -32 -32 -32 -30 -27 -32
-32 17 -32 -9 -16 -16 -32 -32 -11 -28
-32 31 -32 -32 -32 -32 -32 -30 -25 -32
-32 31 -32 -32 -31 -32 -32 -8 -28 -32
-32 31 -32 -32 -32 -32 -32 -15 -32 -32
-32 12 -31 -32 -31 -32 -32 -32 -30 -32
-32 3 -32 -32 -32 -32 -32 -32 -28 -32
-32 31 -23 -32 -32 -32 -32 -15 -32 -32
-32 31 -24 -32 -32 -32 -31 -19 -21 -32
-32 31 -26 -3 -32 -7 -32 -32 -17 -32
-32 31 -32 -22 -23 -32 -32 -23 -32 -32
-32 31 -32 -32 -32 -32 -20 -32 -4 -32
-32 13 -27 -32 -32 -32 -32 -30 -32 -32
-32 31 -26 -32 -13 -32 -32 -11 -21 -32
-32 31 -32 -32 4 -32 -32 -32 -30 -30
-32 31 -32 -32 -32 -32 -32 -22 -32 -32
-32 31 -29 -32 -32 -32 -32 -32 -21 -32
-32 16 -26 -32 -32 -32 -32 -27 -32 -32
-32 31 -29 -32 -32 -32 -32 -27 -31 -32
-32 31 -32 -32 -32 -32 -28 -29 -7 -32
-32 27 -32 -29 -19 -32 -32 -16 -18 -32
-32 31 -31 -32 -32 -32 -32 -6 -8 -32
-32 31 -30 -32 -23 -32 -12 -23 6 -32
-32 31 -30 -32 -32 -32 -32 -24 -21 -32
-32 31 -25 -32 -32 -32 -32 -32 -19 -32
-32 8 -32 -25 -32 -32 -32 -32 -15 -32
-32 24 -30 -32 -24 -32 -32 -22 -32 -32
-32 10 -32 -5 -30 -32 -30 -27 -10 -32
-32 14 -32 -32 -32 -32 -26 -16 -9 -32
-32 31 -20 -32 -32 -32 -32 -32 -32 -32
-32 24 -32 -32 -32 -32 -32 -23 -23 -32
-32 30 -32 -18 -15 -32 -32 -30 -15 -32
-32 -32 25 1 -32 -32 -32 -32 -32 -32
-32 -32 31 -31 -32 -32 -32 -26 -32 -32
-32 -22 11 -21 -32 -32 -17 -32 -32 -32
-32 -9 9 -28 -32 -32 -15 -32 -32 -32
-32 -32 31 -4 -32 -32 -32 -32 -32 -32
-16 -32 9 -32 -32 -32 -32 -32 -32 -32
-32 -19 31 -19 -32 -32 -32 -32 -32 -32
-32 -32 31 -2 -32 -32 -32 -32 -31 -32
-32 -32 31 -32 -32 -32 -32 -21 -32 -32
-32 -32 0 -32 -32 -32 5 -32 -32 -32
-32 -32 29 -9 -32 -32 -32 -15 -32 -32
-32 -32 -4 -26 -20 -32 -32 -32 -26 -32
-32 -32 22 -11 -32 -32 -32 -32 0 -32
-32 -32 24 -32 -32 -32 -32 -32 -32 -32
-32 -32 16 -32 -32 -21 -32 -32 -32 -32
7 -32 -3 -32 -32 -32 -32 -32 -32 -32
-32 -32 19 -32 -32 -32 -32 -32 -31 -32
-32 -22 5 -32 -32 -32 -32 -32 -17 -32
-32 -32 31 -32 -32 -32 -32 -32 -30 -32
-32 -32 14 -3 -32 -32 -32 -32 -32 -32
-32 -32 31 -19 -32 -32 -32 -32 -32 -32
-32 -26 30 -8 -32 -32 -32 -24 -32 -32
-32 -32 31 -32 -32 -32 -32 -15 -32 -32
-32 -32 31 -20 -32 -32 -32 -32 17 -32
-32 -32 15 -26 -32 -32 -32 -32 -32 -32
-32 -32 31 -32 -32 -32 -32 -32 -32 -32
-32 -25 31 -9 -32 -32 -32 -32 -20 -32
-32 -32 9 -13 -32 -32 -32 -32 -5 -32
-32 -30 31 -29 -32 -32 -32 -32 -32 -32
-32 -32 31 -10 -32 -32 -32 -32 -11 -32
-32 -32 23 -21 -32 -32 -32 -32 -32 -32
-32 -32 17 -2 -32 -32 -32 -15 -15 -32
-32 -32 31 -32 -32 -32 -32 -27 -25 -32
-32 -32 29 -23 -32 -32 -32 -32 -8 -32
-32 -32 7 -11 -32 -32 -32 -31 3 -32
-32 -32 31 -15 -32 -32 -32 -32 -32 -32
-32 -32 20 -22 -32 -32 -32 -32 -6 -32
-32 -32 31 -15 -32 -32 -32 -32 -32 -32
-32 8 14 -32 -32 -32 -32 -32 -32 -32
-32 -32 31 -32 -32 -32 -32 -32 -24 -32
-19 -32 7 -32 -32 -32 -32 -32 -32 -32
-32 -32 8 -26 -32 -32 -32 -32 -28 -32
-32 -32 31 -14 -32 -32 -32 -32 -32 -32
-32 -32 22 -32 -32 -32 -32 -32 6 -32
-32 -32 18 -27 -32 -32 -32 -32 -20 -32
-32 -32 31 -11 -32 -32 -32 -32 -32 -32
-32 -32 31 -3 -32 -32 -32 -30 -22 -32
-32 -32 31 -24 -32 -32 -32 -32 -32 -32
-32 -32 27 -17 -32 -32 -32 -32 -32 -32
-32 -32 29 -6 -32 -32 -32 -32 -32 -32
-32 -32 31 -32 -32 -32 -32 -32 -19 -32
-32 -32 25 -6 -32 -32 -32 -32 -32 -32
-32 -14 15 -32 -32 -32 -32 -32 -8 -32
-32 -32 24 -19 -32 -32 -32 -32 -32 -32
-32 -32 31 -10 -32 -32 -32 -32 -32 -32
-32 -32 7 -32 -32 -32 -32 -32 -32 -32
-32 -32 -3 -32 -32 -32 -32 -32 -25 -32
-32 -32 20 -32 -32 -32 -32 -32 -32 -32
-32 -32 31 -20 -32 -32 -32 -27 -32 -32
-32 -32 28 -8 -32 -32 -32 -32 -32 -32
-32 -32 10 -32 1 -32 -32 -32 -32 -32
-32 -32 18 -32 -32 -32 -32 -14 -32 -32
-32 -32 31 -22 -32 -32 -32 -32 -15 -32
-32 1 25 -29 -32 -32 -32 -32 -16 -32
-32 -32 31 -8 -32 -29 -32 -32 -23 -32
-32 -32 31 -32 -32 -32 -32 -32 -32 -32
-32 -32 21 -32 -32 -32 -32 -32 -32 -32
-32 -17 31 -22 -32 -32 -32 -32 -27 -32
-32 -32 26 -32 -32 -32 -32 -32 -32 -32
-32 -32 31 -32 -32 -32 -32 -32 -32 -32
-32 -32 31 -9 -32 -32 -32 -13 -32 -32
-32 -32 31 -14 -32 -32 -32 -21 -32 -32
-32 -32 16 -32 -32 -32 -32 -32 -32 -32
-32 -21 28 -15 -32 -32 -17 -32 -32 -32
-32 -32 14 -23 -32 -32 -32 -32 -8 -32
-32 -28 31 -32 -32 -32 -32 -32 -32 -32
-32 -32 31 -29 -32 -32 -32 -27 -17 -32
-32 -32 30 -8 -32 -32 -32 -32 -22 -32
-32 -32 18 -21 -32 -32 -32 -32 -32 -32
-32 -32 31 9 -32 -32 -32 -32 -32 -32
-32 -32 31 -7 -32 -32 -32 -21 -32 -32
-32 -32 22 -22 -32 -32 -32 -32 -32 -32
-32 -32 31 -14 -32 -32 -32 -32 -17 -32
-32 -32 -2 -32 -32 -32 -19 -32 -32 -32
-32 -32 31 -29 -32 -32 -32 -32 -30 -32
-32 -32 -32 -32 -32 -32 -32 -32 -25 -21
-32 -32 30 -30 -32 -32 -32 -32 -32 -32
-32 -32 23 -15 -32 -32 -32 -32 -28 -32
-32 -32 31 -19 -32 -32 -32 -32 -32 -32
-32 -32 16 -32 -32 -32 -32 -32 -17 -32
-32 -32 27 -32 -32 -29 -32 -32 -32 -32
-32 -32 31 -32 -32 -32 -32 -32 -32 -32
-32 -32 31 -3 -32 -32 -32 -14 -32 -32
-32 -32 25 -11 -32 -32 -32 -32 -32 -32
-32 -32 31 -22 -32 -32 -32 -32 -26 -32
-31 -32 18 -7 -32 -32 -32 -32 -32 -32
-32 -32 31 -32 -32 -32 -32 -32 -32 -32
-32 -32 31 -14 -32 -32 -32 -32 -32 -32
-32 -32 31 -13 -32 -32 -32 -32 -32 -32
-32 -32 20 -20 -32 -32 -32 -32 -32 -32
-32 -32 -32 31 -32 -9 -32 -32 -9 -32
-32 -32 -29 4 -32 -32 -32 -32 -32 -32
-32 -32 -28 31 -32 -28 -32 -18 -32 -32
-32 -32 -12 31 -32 -32 -32 -32 -32 -32
-32 -32 12 25 -32 -32 -32 -32 -26 -32
-32 -32 -28 31 -32 -32 -32 -32 -18 -32
-32 -32 -32 31 -32 -20 -32 -32 -1 -19
-32 -32 -32 31 -32 -2 -32 -32 -5 -27
-32 -32 -19 31 -32 -32 -32 -32 -15 -32
-32 -32 -32 31 -32 -28 -32 -32 -30 -32
-32 -32 -32 19 -32 2 -32 -32 -20 -32
-32 -30 -14 31 -32 -29 -32 -32 -27 -32
-32 -32 -24 21 -32 3 -32 -32 -32 -32
-32 -32 -32 31 -32 -20 -32 -21 -16 -32
-32 -32 -16 31 -32 -11 -32 -32 -32 -32
-32 -32 -30 31 -32 -29 -32 -32 -29 -32
-32 -32 -26 31 -32 -27 -32 -32 -20 -32
-32 -32 -32 31 -32 -32 -32 -32 -10 -32
-32 -32 -32 31 -32 -26 -32 -32 -12 24
-32 -32 -32 31 -32 -32 -32 -32 -32 -32
-32 -15 -32 31 -32 -32 -32 -32 -32 -32
-32 -32 -32 31 -32 -32 -32 -32 -32 -32
-32 -32 -32 31 -32 -10 -32 -32 -32 -32
-32 -32 -32 31 -32 -20 -32 -32 -32 -27
-32 -32 -26 31 -32 -32 -32 -32 -29 -32
-32 -32 -32 31 -32 -29 -32 -15 -32 -27
-32 -32 -21 28 -32 -32 -32 -32 -20 -32
-32 -32 -32 31 -32 -32 -32 -32 -31 -32
-32 -32 -13 31 -32 -32 -32 -32 -32 -32
-32 -32 -32 31 -32 -30 -32 -32 -32 -32
-32 -32 -32 29 -32 -12 -32 -32 -25 -20
-32 -32 -32 31 -32 -31 -32 -32 -24 -28
-32 -32 -32 29 -32 -18 -32 -30 -32 -31
-32 -32 -32 31 -32 -32 -32 -30 -32 -32
-32 -32 -26 31 -32 -32 -32 -32 -22 -32
-32 -32 -32 19 -32 -23 -32 -6 -32 -32
-32 -32 -32 -15 -32 -32 -32 20 -32 2
-32 -32 16 22 -32 -32 -32 -32 -3 -32
-32 -32 -16 31 -32 -32 -32 -32 -30 -32
-32 -32 -32 31 -32 -32 -32 -22 -31 -32
-32 -32 -32 31 -32 -29 -32 -32 -28 -32
-32 -32 -32 30 -32 -32 -32 -32 -24 -15
-32 -32 -27 31 -32 -32 -32 -32 -32 -32
-32 -32 -32 31 -32 -28 -32 -32 -25 -32
-32 -32 -32 24 -32 15 -32 -32 -22 -32
-32 -32 -32 31 -32 -32 -32 -32 0 -32
-32 -32 -32 31 -32 -32 -32 -32 -31 -32
-32 -32 -16 31 -32 -32 -32 -32 -23 -25
-32 -32 -32 31 -32 -16 -32 -8 -32 -18
-32 -30 -29 26 -32 -16 -32 -32 -16 -32
-32 -27 -31 7 -32 8 -32 -32 -32 -32
-32 -32 -32 31 -32 -16 -32 -32 -32 -32
-32 -32 -32 24 -32 -27 -32 -32 -17 -32
-32 -32 -31 19 -32 -32 -32 -32 -32 -32
-32 -32 -32 31 -32 -32 -32 -32 -32 -32
-32 -32 -32 31 -32 -30 -32 -32 -18 -26
-32 -32 -12 31 -32 -32 -32 -32 -32 -32
-32 -32 -32 19 -32 -25 -32 -32 -31 -22
-32 -32 -32 31 -32 -32 -32 -32 -21 -32
-32 -32 -32 31 -32 -32 -32 -32 -20 -32
-32 -32 -32 31 -32 -13 -32 -32 -14 -32
-32 -32 -32 -23 -32 -16 -32 -32 -16 -2
-12 -32 -32 4 -32 -15 -32 -32 -24 -29
-32 -32 -32 21 -32 -2 -32 -32 -22 -32
-32 -32 -32 31 -32 7 -32 -22 -17 -22
-32 -32 -32 31 -32 16 -32 -32 -10 -32
-32 -32 -32 22 -32 -25 -32 -32 -32 -26
-32 -32 -32 31 -32 -32 -32 -32 -19 -32
-32 -26 -32 14 -32 -13 -32 -32 -32 -29
-32 -32 -28 31 -32 -22 -32 -32 -32 -32
-32 -32 -22 31 -32 -32 -32 -32 -32 -32
-32 -32 -24 31 -32 -32 -32 -32 -12 -32
-32 -32 -26 31 -32 -32 -32 -26 -32 -32
-32 -32 -32 30 -32 -24 -32 -32 -18 -17
-32 -32 -32 23 -32 -31 -32 -32 -1 -4
-32 -32 -32 29 -32 -19 -32 -32 -22 -32
-32 -32 -32 -1 -32 -3 -32 -24 -32 -26
-32 -32 -8 31 -32 -32 -32 -32 -13 -32
-32 -32 -32 17 -32 -32 -32 -32 -22 -32
-32 -32 -32 31 -32 -11 -32 -32 -25 -32
-32 -32 -32 31 -32 16 -32 -32 -11 -32
-32 -32 -32 27 -32 -32 -32 -32 -30 -32
-32 -12 -32 31 -32 -3 -32 -32 -23 -32
-32 -32 -32 31 -32 -29 -32 -32 -32 -32
-32 -32 -32 31 -32 -32 -32 -14 -17 -32
-32 -32 -18 25 -32 -32 -32 -32 -32 -32
-32 -28 -28 31 -32 -32 -32 -32 -23 -24
-32 -32 -32 31 -32 -21 -32 -32 -16 -32
-32 -32 -32 27 -32 -32 -32 -32 -32 -27
-32 -32 -32 31 -32 -30 -32 -32 -32 -32
-32 -32 -32 31 -32 -32 -32 -19 -22 -26
-32 -32 -32 31 -32 -21 -32 -32 -32 -32
-32 -32 -25 0 -32 -32 -32 -32 -11 -32
-32 -32 -32 30 -32 -7 -32 -32 -31 -31
-32 -32 -19 20 -32 -32 -32 -23 -13 -32
-32 -32 5 29 -32 -32 -32 -32 -32 -32
-32 -32 -32 21 -32 -23 -32 8 -29 6
-32 -32 -32 31 -32 -32 -32 -32 -32 -32
-32 -32 1 31 -32 -32 -32 -32 -17 -32
-32 -32 -32 31 -32 -31 -32 -32 -8 -15
-32 -32 -32 -32 4 -32 -32 -32 -32 -23
-32 -32 -32 -32 31 -32 -32 -31 -32 -2
-32 -32 -32 -32 29 -32 -32 -32 -32 -32
-23 -32 -32 -32 24 -32 -32 -9 -32 -32
-32 -32 -32 -32 31 -32 -32 -20 -32 -17
-32 -32 -32 -32 31 -32 -32 -32 -32 -32
-32 -32 -32 -32 31 -32 -32 -27 -32 -7
-32 -32 -32 -32 31 -32 -32 -19 -32 10
-32 -32 -32 -32 31 -32 -32 -32 -32 -21
-32 -32 -26 -32 31 -32 -32 -32 -32 -15
-32 -32 -18 -32 31 -32 -32 -23 -32 -16
-32 -32 -32 -32 26 -32 -20 -26 -7 -13
-32 -32 -32 -32 2 -30 -32 -32 -32 -32
-32 -32 -32 -32 31 -32 -32 -32 -32 -22
-32 -32 -32 -32 31 -32 -32 -6 -32 -31
-32 -32 -32 -32 31 -16 -32 -32 -32 17
-32 -32 -32 -32 31 -32 -32 -32 -32 5
-32 -29 -32 -13 2 -32 -29 -30 -29 -32
-32 -32 -32 -32 31 -32 -32 -31 -32 -4
-32 -32 -32 -32 31 -32 -32 -10 -32 -4
-32 -32 -32 -32 31 -32 -32 -14 -32 -4
-32 -32 -32 -32 30 -32 -32 -19 -32 -26
-32 -32 -32 -32 31 -32 -32 -25 -32 -17
-32 -32 -32 -32 5 -25 -32 -20 -27 10
-32 -32 -32 -32 31 -32 -32 -18 -32 -3
-32 -32 -32 -32 31 -32 -32 -32 -32 -20
-32 -32 -32 -32 31 -32 -32 -32 -32 -28
-32 -32 -32 -32 31 -32 -32 -8 -32 9
-32 -32 -32 -32 27 -32 -32 -1 -32 -10
-32 -32 -32 -32 31 -32 -32 -7 -32 31
-32 -32 -32 -32 31 -32 -32 -32 -30 -29
-32 -32 -32 -32 31 -32 -32 -4 -32 -1
-32 -32 -32 -32 10 -32 -32 -32 -32 -32
-32 -32 -32 -32 31 -30 -32 -32 -32 -32
-32 -32 -32 -19 -17 -32 -32 -32 -32 -17
-32 -32 -32 -32 23 -25 -32 -32 -32 -25
-32 -32 -32 -32 9 -32 -32 -32 -32 -1
-32 -32 -32 -32 31 -32 -32 -12 -32 1
-32 -32 -32 -32 15 -32 -32 -32 -32 -17
-32 -32 -24 -32 21 -32 -32 -20 -26 -32
-32 -32 -32 -32 31 -32 -32 -32 -32 -19
-32 -32 -32 -32 10 -32 -32 -27 -32 6
-32 -32 -32 -32 31 -32 -32 -32 -32 1
-32 -32 -32 -32 31 -32 -32 -21 -32 -5
-32 -32 -19 -32 8 -32 -32 -23 -32 -32
-32 -32 -32 -32 29 -32 -32 -24 -32 -13
-32 -32 -32 -17 2 -30 -32 -29 -32 -19
-32 -32 -32 -32 31 -32 -32 -32 -32 5
-32 -32 -32 -32 31 -32 -32 -13 -32 -23
-32 -32 -32 -32 31 -32 -32 -32 -32 -27
-32 -32 -32 -32 31 -32 -32 -18 -32 -32
-32 -32 -32 -32 31 -32 -32 -13 -32 -32
-32 -32 -32 -32 31 -32 -32 -11 -32 11
-32 -32 -32 -32 31 -32 -32 -32 -32 -23
-32 -32 -32 -32 30 -32 -32 -32 -32 -8
-32 -32 -32 -32 17 -32 -32 -32 -29 -32
-32 -32 -32 -32 31 -32 -32 -18 -32 -4
-32 -32 -32 -32 20 -32 -32 -17 -32 19
-32 -32 -29 -32 24 -32 -32 -32 -32 -29
-32 -32 -32 -32 31 -32 -32 -32 -32 -32
-32 -32 -32 -32 31 -32 -32 -13 -32 -4
-32 -32 -32 -32 31 -32 -32 -9 -21 7
-32 -32 -32 -32 31 -32 -32 -32 -32 -17
-32 -32 -32 -32 31 -32 -32 -22 -32 -1
-32 -32 -32 -32 31 -32 -32 1 -32 -13
-32 -32 -32 -32 31 -32 -32 -9 -32 -14
-32 -32 -27 -32 27 -32 -32 -32 -32 -30
-32 -32 -32 -32 1 -19 -32 -32 -27 -32
-32 -32 -32 -32 31 -32 -32 -32 -32 -20
-32 -32 -32 -32 31 -32 -32 -9 -32 -30
-32 -32 -32 -32 31 -32 -32 -16 -24 -11
-32 -28 -32 -32 31 -32 -32 -32 -32 -16
-32 -32 -32 -32 25 -32 -32 -13 -23 -26
-32 -32 -32 -32 8 -32 -32 -32 -22 -32
-32 -32 -32 -32 31 -32 -32 -32 -32 7
-32 -32 -32 -32 30 -32 -32 -32 -32 -13
-32 -32 -32 -32 31 -32 -32 -32 -32 -32
-32 -32 -32 -32 31 -32 -32 -32 -32 -17
-32 -32 -32 -32 31 -32 -32 -32 -32 8
-32 -32 -32 -32 31 -32 -32 -23 -32 -11
-32 -32 -32 -32 31 -32 -32 -32 -32 -24
-32 -32 -32 -32 19 -32 -32 -24 -32 -8
-32 -32 -32 -32 31 -32 -32 -21 -28 0
-32 -32 -32 -32 31 -32 -32 -32 -32 -20
-32 -32 -32 -32 22 -32 -32 -32 -32 -22
-32 -32 -32 -32 30 -32 -32 -32 -32 -9
-32 -32 -32 -32 31 -32 -32 -5 -32 -6
-32 -32 -32 -32 31 -32 -32 -23 -32 -11
-32 -32 -32 -32 23 -32 -32 -28 -32 -31
-32 -32 -32 -32 31 -32 -32 -27 -32 -32
-32 -32 -32 -32 31 -32 -32 -32 -32 -32
-32 -32 -32 -32 24 -9 -32 -32 -32 -32
-32 -32 -32 -32 25 -32 -32 -29 -32 -11
-32 -32 -24 -32 15 -32 -32 -32 -12 -32
-32 -32 -32 -32 18 -32 -32 -29 -24 -27
-32 -32 -32 -32 31 -32 -32 -32 -32 -32
-32 -32 -32 -32 31 -32 -32 -19 -32 6
-32 -32 -32 -32 26 -32 -32 -32 -32 -1
-32 -32 -32 -32 31 -32 -32 -16 -23 1
-32 -32 -32 -32 26 -32 -32 3 -32 3
-32 -32 -32 -32 -32 31 -32 -32 5 -11
-32 -32 -32 -32 -32 31 -32 -32 -12 -32
-32 -32 -32 -26 -32 31 -32 -32 -32 -22
-32 -32 -32 -12 -32 20 -32 -32 -32 -32
-32 -32 -32 -6 -32 31 -32 -32 -10 -27
-32 -32 -32 -1 -32 18 -32 -32 3 3
-32 -32 -32 3 -32 31 -32 -32 -21 -32
-32 -32 -32 -4 -32 31 -32 -32 -19 -32
-32 -32 -32 -11 -32 31 -32 -32 -32 -32
-32 -32 -32 -12 -32 1 -22 -32 -32 -32
-32 -32 -32 -1 -32 29 -32 -32 -22 -16
-32 -32 -32 -32 -32 31 -32 -30 -32 -32
-32 -32 -32 -4 -32 30 -32 -32 -15 -32
-32 -32 -32 14 -32 29 -32 -31 -13 -23
-32 -32 -32 -26 -32 31 -32 -32 -30 2
-32 -32 -32 -10 -32 31 -32 -32 -26 -28
-32 -32 -32 -13 -32 31 -32 -32 -20 -9
-32 -32 -32 -27 -32 31 -32 -32 -32 -32
-16 -32 -32 -21 -32 31 -32 -32 -7 -32
-32 -32 -32 -16 -32 31 -32 -32 -1 -32
-32 -32 -32 -15 -32 15 -32 -14 -32 -16
-32 -32 -32 -20 -32 31 -32 -32 -10 -26
-32 -32 -32 3 -32 31 -32 -32 -32 -9
-22 -32 -32 -23 -32 31 -32 -32 -6 -32
-32 -32 -32 -22 -32 31 -32 -32 -32 -32
-32 -32 -32 -9 -32 31 -32 -15 -17 -12
-32 -32 -32 -24 -32 27 -32 -30 -23 -27
-32 -32 -32 -13 -32 31 -32 -32 -16 -3
-32 -32 -32 -21 -32 7 -32 -32 -32 -20
-24 -32 -32 -27 -32 23 -17 -31 -32 -31
-32 -32 -32 -17 -32 30 -32 -32 9 -32
-32 -32 -32 -5 -32 31 -32 -32 -18 -19
-32 -32 -32 2 -32 31 -32 -32 -32 -32
-32 -32 -32 -5 -32 31 -32 -32 -32 -19
-32 -32 -32 -17 -32 23 -32 -32 -29 -32
-32 -9 -30 -13 -32 7 -32 -32 -1 -32
-32 -14 -32 0 -32 31 -32 -32 -14 -32
-32 -32 -32 -32 -32 29 -32 -32 -32 -32
-32 -32 -32 -8 -32 31 -32 -19 -32 -20
-32 -32 -9 -29 -32 29 -15 -32 7 -32
-32 -32 -32 -32 -32 12 -31 -32 -32 -32
-32 -32 -32 -22 -32 31 -32 -32 -31 -25
-32 -32 -32 13 -32 31 -32 -32 -30 -20
-32 -32 -32 10 -32 31 -32 -32 -12 -15
-32 -32 -32 -32 -32 31 -32 -32 -16 -32
-32 -32 -32 -32 -32 31 -32 -32 -17 -22
-32 -32 -32 -20 -32 31 -32 -32 -28 -8
-32 -32 -32 -27 -32 25 -32 -32 -24 -32
-32 -32 -32 2 -32 31 -32 -32 -32 -30
-32 -32 -32 7 -32 31 -32 -32 -9 -3
-32 -32 -32 -32 -32 31 -32 -32 -31 -32
-32 -32 -32 -32 -32 31 -32 -32 -2 -26
-32 -32 -32 -32 -32 31 -32 -32 -21 -32
-32 -32 -32 -18 -32 31 -32 -32 -25 4
-32 -32 -32 0 -32 31 -32 -32 -29 -23
-32 -32 -32 -10 -32 31 -32 -32 -32 -32
-32 -32 -32 -32 -32 31 1 -32 -32 -32
-32 -32 -32 -15 -32 29 -32 -32 7 -9
-32 -32 -32 -12 -32 23 -31 -32 -23 -32
-32 -32 -32 -26 -32 31 -32 -32 9 -32
-32 -24 -32 -3 -32 31 -32 -32 -9 -32
-32 -29 -32 15 -32 -7 -32 -32 -28 -32
-32 -32 -32 -32 -32 26 -32 -32 -32 -24
-4 -32 -32 -24 -32 -2 -32 -32 -32 -32
-32 -32 -32 -32 -32 31 -32 -32 -29 -32
-32 -32 -32 -28 -32 31 -32 -32 -32 -32
-32 -32 -32 -32 -32 31 -32 -32 2 -11
-32 -29 -32 -9 -32 28 -32 -32 -25 -30
-31 -32 -32 -16 -32 22 -32 -32 -32 -32
-32 -32 -32 -31 -32 31 -32 -32 -32 -32
-32 -32 -32 -22 -32 31 -32 -32 -5 -30
-32 -32 -32 -32 -32 25 9 -32 -21 -18
-32 -32 -32 1 -32 31 -32 -32 8 -14
-32 -32 -32 10 -32 31 -32 -32 -22 -13
-32 -32 -32 3 -32 31 -32 -32 -3 -32
-32 -32 -32 10 -32 31 -32 -32 -15 -19
-32 -32 -32 -27 -32 31 -32 -32 -32 -5
-32 -32 -32 -32 -32 31 -32 -32 -31 -7
-32 -32 -32 -14 -32 24 -32 -32 -32 -32
-32 -32 -32 -6 -32 31 -32 -32 -14 -1
-32 -32 -32 4 -32 31 -32 -32 -32 -32
-32 -32 -32 -24 -32 31 -32 -32 -3 -32
-32 -32 -32 3 -32 31 -32 -32 -32 -29
-32 -32 -32 -28 -32 7 -32 -32 -27 -32
-32 -32 -32 -6 -32 31 -32 -32 4 -22
-32 -32 -32 -24 -32 31 -32 -32 -9 -19
-32 -32 -32 1 -32 31 -32 -32 -21 -8
-32 -32 -32 -20 -32 31 -32 -32 -32 -32
-32 -32 -31 -20 -32 31 -32 -32 -28 -32
-32 -32 -32 -19 -32 31 -32 -32 -32 -6
-32 -32 -27 -24 -32 31 -32 -32 -18 -32
-32 -32 -32 -27 -32 31 -32 -32 -32 -24
-32 -32 -32 2 -32 31 -32 -32 -23 -32
-32 -32 -32 -16 -32 31 -32 -32 -24 -32
-32 -32 -32 -32 -32 31 -32 -32 -29 -6
-32 -32 -32 -30 -32 15 -32 -32 -10 -16
-32 -32 -32 22 -32 31 -32 -32 -18 -32
-32 -32 -32 -13 -32 31 -32 -32 -32 -28
-32 -32 -32 1 -32 31 -32 -32 -24 -30
-32 -32 -32 -9 -32 31 -32 -32 -10 -32
-23 -32 -19 -32 -24 -32 10 -32 -32 -32
-32 -32 -18 -30 -23 -25 22 -32 -18 -32
-32 -32 -14 -32 -20 -32 31 -32 -32 -32
-32 -32 -32 -32 -32 -25 31 -32 -25 -32
-8 -32 -32 -32 -32 -32 31 -32 -32 -29
-32 -32 -18 -32 -32 -32 7 -32 -32 -32
-14 -32 -31 -32 -32 4 -6 -32 -15 -32
-32 -32 -23 -31 -27 -32 31 -32 -32 -32
-32 -32 -32 -26 -32 -8 1 -32 -16 -12
-32 -32 -31 -32 -32 -32 31 -32 -32 -32
-32 -32 -31 -32 -32 -26 30 -32 -17 -32
4 -32 -28 -32 -32 -32 9 -32 -32 -32
-31 -32 -32 -32 -22 -32 -11 -32 -32 -32
-32 -32 -30 -32 -32 -32 31 -32 -26 -32
-32 -32 -32 -32 -32 -25 31 -32 -25 -32
-32 -32 -32 -32 -32 -19 31 -32 -30 -32
-32 -32 -32 -32 -32 -32 31 -32 -19 -32
-32 -32 -10 -32 -25 -32 31 -32 -9 -32
-28 -32 -32 -32 -18 -32 31 -32 -32 -32
-5 -32 -32 -32 -32 -9 31 -32 -13 -32
-32 -32 -32 -32 -32 -32 31 -31 -32 -32
-26 -32 -32 -32 -32 -32 31 -32 -32 -32
-32 -32 -24 -32 -32 -32 24 -32 -32 -32
-32 -32 -32 -32 -22 -32 31 -32 -24 -32
-32 -32 -32 -32 -32 -32 31 -32 -32 -32
-32 -32 -27 -32 -32 -19 25 -32 -32 -32
-32 -31 -31 -32 -29 -32 -15 -32 -32 -32
-32 -32 -32 -32 -32 -32 31 -32 -32 -32
-32 -32 -32 -32 -26 -32 31 -32 -32 -32
-32 -32 -23 -32 -14 -32 31 -32 -32 -32
-32 -32 -32 -32 -31 -18 29 -32 -26 -32
-22 -32 -32 -32 -1 -32 21 -32 -32 -32
-32 -32 -12 -32 -25 -32 31 -32 -32 -32
-32 -32 -32 -32 -32 -32 17 -32 -32 -27
-30 -32 -30 -32 -32 5 31 -32 -32 -32
-32 -32 -19 -31 -30 -16 7 -32 -12 -32
-32 -32 0 -32 -31 -32 29 -32 -32 -32
-21 -32 -32 -32 -32 -32 31 -32 -32 -32
-16 -32 -32 -32 -11 -32 31 -32 -32 -32
-32 -32 -30 -32 -18 -32 31 -32 -32 -32
-32 -32 -32 -19 -32 -1 31 -32 -22 -32
-32 -32 -32 -32 -32 -32 31 -32 -32 -32
-21 -32 -18 -32 -32 -32 -32 -32 -9 -32
-32 -32 -32 -32 -27 -31 31 -32 -32 -32
-32 -32 -32 -32 -32 -14 31 -32 -7 -32
-31 -32 -32 -32 -32 -12 28 -32 -24 -32
-32 -32 -32 -32 -32 -32 31 -32 -32 -32
-28 -32 -32 -32 -32 -32 31 -32 -32 -32
-23 -32 -12 -32 -32 -17 31 -32 -9 -32
-32 -32 -32 -32 -32 -32 31 -32 -16 -32
-32 -32 -16 -32 -28 -32 31 -32 -20 -32
-32 -32 -32 -9 -23 -21 31 -32 -2 -32
-23 -32 -32 -32 -32 -19 31 -32 -32 -32
-32 -32 -32 -32 -32 -24 30 -32 -12 -32
-32 -32 -32 -25 -32 2 31 -32 -2 -32
-32 -32 -16 -32 -17 -32 31 -32 -27 -32
-32 -32 -32 -32 -31 -32 31 -32 -32 -32
-12 -32 -32 -26 -32 -9 31 -32 -32 -32
-32 -32 -32 -32 -25 -12 31 -32 -10 -32
-32 -32 -32 -32 -3 -32 31 -32 -32 -32
-32 -32 1 -32 -32 -32 1 -32 -32 -32
-32 -32 -32 -32 -31 -32 31 -32 -32 -32
-32 -32 -32 -32 -32 8 31 -32 -32 -32
-32 -24 -32 -32 -32 -32 31 -32 -32 -32
-32 -32 -30 -32 -7 -32 29 -32 -32 -32
-27 -32 -32 -32 -32 -32 30 -32 -32 -32
-17 -32 -32 -32 -32 -32 -9 -32 -32 -32
-32 -32 -19 -32 -14 -29 31 -32 -32 -32
-32 -32 -32 -26 -32 -31 31 -32 -8 -32
-30 -32 -32 -32 -17 -32 31 -32 -32 -32
-32 -32 -32 -32 -18 -32 27 -32 -32 -32
-32 -32 -32 -32 -32 -30 31 -32 -19 -32
-32 -32 -24 -32 -17 -32 31 -32 -29 -32
-32 -32 -18 -32 -32 -31 31 -32 -32 -32
-32 -32 -24 -32 -32 -32 31 -32 -32 -32
-32 -32 -26 -32 -32 -23 31 -32 -32 -32
-6 -32 -27 -32 -32 4 -32 -32 -32 -28
-32 -32 -32 -32 -23 -32 31 -32 -32 -32
-32 -32 -32 -32 -32 -32 16 -32 -32 -14
-32 -32 -17 -32 -32 -32 31 -32 -32 -32
-32 -32 -32 -27 -32 -11 31 -32 -16 -32
-32 -32 -32 -32 -32 -32 31 -32 -32 -32
-7 -32 -32 -32 -32 -4 31 -32 -27 -32
-32 -32 -32 -32 -32 1 31 -32 -8 -32
-32 -32 -23 -32 -14 -12 31 -32 -17 -32
-32 -32 -32 -31 -32 -18 22 -32 -14 -32
-32 -32 -32 -32 3 -32 31 -32 -32 -32
-32 -32 -26 -32 -32 -26 31 -32 -23 -32
-32 -32 -32 -32 -28 -32 31 -32 -32 -32
-32 -32 -32 -32 -15 -32 31 -32 -32 -32
-32 -32 -32 -32 -32 -28 31 -32 -32 -32
-32 -32 -32 -32 -20 -32 31 -32 -23 -32
-32 -32 -32 -32 -32 -30 31 -32 -32 -32
-32 -32 -32 -32 -30 -16 -11 -32 -32 -32
-19 -32 -32 -32 -29 -32 27 -32 -32 -28
-32 -32 -32 -32 6 -32 31 -32 -32 -32
-32 -32 -27 -32 -32 -32 31 -32 -32 -32
-32 -32 -24 -32 -32 -32 31 -32 -32 -32
-32 -32 -32 -30 -32 -5 -7 -32 -20 -32
-32 -23 -28 -32 -32 -6 31 -32 -32 -32
-32 -32 -32 -26 -32 -29 -32 31 -10 -4
-32 -32 -21 -9 -32 -32 -32 7 -32 -13
-32 -32 -16 0 -32 -32 -32 31 -32 -32
-32 -32 -32 -18 -32 -32 -32 28 -32 -2
-32 -32 -32 -32 10 -28 -32 8 -32 13
-32 -32 -32 -27 -32 -28 -32 31 -32 0
-32 -32 2 -12 -32 -32 -32 -3 -24 -32
-32 -32 -32 -32 -32 -32 -32 31 -32 -14
-32 -22 -32 0 -32 -32 -32 31 -32 -9
-32 -32 -10 -32 -32 -32 -32 31 -32 -32
-32 -32 -32 -28 -22 -12 -32 31 -32 -5
-32 -32 -30 -20 -32 -32 -32 31 -32 -24
-32 -27 -32 -32 -30 -32 -32 29 -26 -4
-32 -32 -32 -32 -32 -32 -32 31 -32 -17
-32 -32 -32 -21 -32 -32 -32 24 -24 -15
-32 -32 -13 -18 -32 -32 -32 2 -14 -32
-32 -32 -32 -32 -32 -32 -32 12 -32 -32
-32 -32 -29 -17 -32 -32 -32 31 -32 -23
-32 -32 -11 -20 -32 -32 -32 31 -32 -26
-32 -32 -32 -32 -32 -32 -32 31 -32 -16
-32 -32 -32 -27 -32 -32 -32 31 -32 -10
-32 -32 -32 -16 -32 -32 -32 31 -32 0
-32 -32 -32 -16 -32 -32 -32 31 -30 -24
-32 -32 -27 -14 -32 -32 -32 31 -32 -17
-32 -32 -32 -32 -32 -32 -32 31 -32 7
-13 -32 -32 -32 -32 -32 -32 17 -8 -5
-32 -32 -32 -17 -32 -32 -32 31 -32 -17
-32 -32 -32 -32 -28 -32 -32 31 -32 24
-32 -32 -32 -19 -32 -32 -32 31 -32 -12
-32 -32 -32 -32 -32 -32 -32 21 -32 -8
-32 -32 -32 -17 -32 -32 -32 31 -32 -31
-32 -32 -32 -15 -32 -32 -32 31 -32 -12
-32 -21 -20 -8 -32 -32 -32 8 -26 -23
-32 -32 -32 2 -32 -32 -32 -9 -23 16
-32 -32 -32 -32 -32 -32 -32 31 -32 -14
-32 -18 -32 -15 -32 -4 -32 15 -32 -1
-32 -32 -32 -32 -32 -32 -32 31 -32 -15
-32 8 -16 -24 -32 -32 -32 7 -17 -19
-32 -32 -32 -32 -32 -32 -32 31 -32 3
-26 -32 -32 -32 -32 -32 -32 31 -32 -7
-32 -32 -32 -22 -32 -32 -32 29 -28 -31
-32 -32 -32 -32 -32 -32 -32 31 -32 -15
-32 -16 -32 -7 -32 -32 -32 31 -32 -18
-32 -32 -32 -32 -32 -32 -32 31 -32 -9
-20 -32 -32 -32 -32 -32 -32 31 -32 -3
-32 -31 -24 -8 -32 -32 -32 13 -32 -11
-32 -32 -14 -32 -32 -32 -32 31 -32 -15
-32 -32 -32 -19 -32 -32 -32 31 -32 -20
-32 -32 -32 -27 -32 -32 -32 31 -25 -4
-32 -24 -32 -32 -32 -32 -32 16 -30 -4
-32 -32 -32 -32 -32 -32 -32 10 -32 -32
-32 -32 0 -12 -32 -32 -32 10 -32 -32
-32 -29 -20 -15 -32 -32 -32 31 -32 -23
-32 -32 -32 -9 -32 -32 -32 31 -32 -24
-32 -32 -32 -17 -32 -23 -32 31 -27 -32
-32 -32 -32 -28 -32 -32 -32 31 -32 -21
-32 -32 -32 -32 -7 -32 -32 0 -32 3
-32 -32 -15 -3 -32 -32 -32 31 -32 -27
-32 -32 -32 -32 -32 -32 -32 31 -32 -10
-32 -32 -32 -6 -32 -32 -32 31 -32 -32
-32 -32 -32 -22 -32 -32 -32 31 -32 -32
-32 -32 -32 -19 -32 -32 -32 31 -26 -20
-32 -32 -32 -10 -32 -32 -32 26 -32 -6
-32 -32 -32 -17 -32 -32 -32 31 -32 -20
-32 -32 -13 4 -32 -32 -32 31 -32 -32
-32 -32 -32 -13 -32 -32 -32 31 -32 -17
-32 -32 -32 1 -32 -32 -32 31 -32 -19
-32 -32 -32 -32 -32 -32 -32 31 -32 -27
-32 -32 -32 -27 -32 -32 -32 31 -32 -22
-32 -32 -12 -32 -32 -32 -32 5 -32 -32
-32 -32 -32 -26 -32 -32 -32 27 -24 -32
-32 -32 -25 -19 -32 -32 -32 31 -32 -29
-32 -32 -26 -17 -32 -32 -32 -4 -23 -13
-32 -32 -32 -26 -32 -32 -32 31 -32 -14
-32 -32 2 -22 -32 -32 -32 -5 -16 -32
-32 -32 -1 -4 -32 -32 -32 28 -32 -32
-32 -23 -32 -25 -32 -32 -32 6 -32 -4
-26 -32 -32 -32 -32 -32 -32 -32 -32 -32
-32 -32 -24 -21 -32 -32 -32 31 -32 -7
-32 -16 -32 -17 -32 -32 -32 28 -32 -15
-32 -32 -32 -12 -32 -32 -32 31 -32 -18
-32 -32 -27 -9 -32 -32 -32 31 -32 -32
-32 -32 -32 -32 -32 -32 -32 31 -32 -27
-32 -32 -7 -18 -32 -32 -32 9 -19 -32
-32 -32 -32 -32 -32 -32 -32 23 -32 -31
-32 -32 -32 -32 -32 -32 -32 31 -32 -18
-32 -32 -32 -32 -32 -32 -32 31 -32 -4
-32 -32 -32 -23 -32 -32 -32 31 -32 -10
-32 -32 -30 -15 -32 -32 -32 31 -31 -1
-32 -32 -14 -11 -32 -32 -32 19 -24 -19
-32 -32 -32 -11 -32 -32 -32 31 -32 -14
-32 -32 -32 -32 -20 -31 -32 10 -32 13
-32 -32 -31 -5 -32 -32 -32 31 -32 -3
-32 -32 -25 -6 -32 -32 -32 14 -20 -28
-32 -32 -32 -32 -32 -32 -32 31 -30 -21
-32 -32 -32 -8 -32 -21 -32 -1 -32 -28
-32 -32 -32 -32 -28 -32 -32 30 -32 13
-32 -32 -32 -8 -32 -32 -32 31 -32 -27
-32 -32 -23 -15 -32 -32 -32 -1 -20 -22
-32 -32 -32 -32 -32 -32 -32 31 -32 9
-32 -32 -32 -5 -32 -20 -32 -32 20 -32
-32 -32 -18 -32 -32 -32 -32 -32 23 -32
-32 -32 -30 -26 -32 -30 -32 -32 31 -32
-32 -32 -32 -22 -32 -31 -32 -32 31 -32
-32 -32 -32 -27 -32 -3 -12 -32 31 -30
-32 -32 -32 -24 -32 -32 -32 -32 31 -32
-2 -32 -32 -32 -32 -32 -29 -32 31 -19
-32 -32 -27 -18 -32 -32 -32 -32 8 -32
-32 -32 -32 -7 -32 -32 -32 -32 5 -32
-14 -32 -31 -32 -32 -32 -32 -29 31 -23
-32 -32 -32 -25 -32 -32 -32 -32 28 -14
-32 -32 -31 -32 -32 -32 -29 -32 31 -32
-8 -32 -24 -14 -32 -17 -32 -18 29 -32
-30 -32 -32 -9 -32 -28 -32 -32 24 -32
-28 -32 -32 -25 -32 -28 -32 -32 21 -32
-32 -32 -4 -3 -32 -29 -32 -32 0 -32
-32 -32 -32 -32 -32 -24 -32 -32 31 -32
-32 -32 -32 -19 -32 -32 -32 -32 31 -6
-32 -32 -11 -28 -32 -29 -23 -32 31 -8
-16 -32 -15 -1 -32 -29 -32 -32 25 -32
-32 -32 -32 -12 -32 -32 -32 -32 31 7
-32 -32 -32 -32 -32 -11 25 -32 26 -32
-32 -32 -32 -22 -32 -24 -32 -32 30 -32
-32 -32 -32 -32 -32 -28 -32 -31 28 -32
-16 -32 -32 -32 -32 -32 -32 -30 8 -14
-32 -32 -32 -26 -32 -29 -32 -32 31 -32
-32 -32 -32 -32 -32 -5 -32 -32 31 -24
-32 -32 -20 -4 -32 -31 -32 -32 8 -32
-32 -32 -32 -32 -32 -32 -32 -32 28 -26
-32 -32 -32 -30 -32 -21 -32 -32 31 -32
-32 -32 -19 -27 -32 -32 -32 -32 8 -22
-32 -32 -18 -22 -32 -32 -32 -32 10 -32
-32 -32 -31 -18 -32 -32 -32 -32 29 -29
-31 -32 -32 -26 -32 -32 -32 -32 12 -21
-32 -32 -9 -27 -32 -32 -32 -32 0 -32
-32 -32 -32 5 -32 -32 -32 -32 -12 -32
-32 -32 -31 -9 -32 -32 -32 -32 31 -32
-32 -32 -32 -32 -26 -27 -22 -32 8 -32
-32 -32 -13 -27 -32 -32 -32 -32 20 -32
-32 -32 -32 -27 -32 -32 -32 -32 28 -32
-32 -32 -32 -32 -32 -32 -32 -32 31 -21
-32 -32 -32 -30 -32 -32 -32 -32 30 -32
-32 -32 -32 -25 -32 2 -32 -32 31 -20
-32 -32 -32 -16 -32 -26 -32 -32 20 -32
-32 -32 -32 -32 -32 -5 5 -32 31 -32
-32 -32 -32 -23 -32 -20 -32 -32 31 -32
-32 -32 -11 -23 -32 -32 -7 -32 31 -32
-32 -32 -32 -9 -32 -16 -32 -32 31 -30
-32 -32 -32 -32 -32 -32 -32 -32 21 -32
-32 -32 -32 -17 -32 -32 -32 -32 24 -32
-32 -32 -28 -22 -32 -32 -32 -32 31 -32
-32 -32 -30 -19 -32 -32 -32 -32 31 -32
-10 -32 -12 -32 -32 -28 -32 -32 24 -32
-32 -32 -21 -5 -32 -32 -32 -32 31 -32
-32 -32 -32 -32 -32 -32 -32 -32 31 -32
-32 -32 -32 -32 -32 -32 -32 -32 27 -8
-32 -32 -32 -32 -32 -32 -32 -32 29 -25
-32 -32 -27 -15 -32 -26 -32 -32 15 -32
-32 -32 -32 -24 -32 1 -32 -32 31 -32
-32 -32 -30 -27 -32 -25 -32 -32 31 -32
-32 -32 -32 0 -32 -32 -32 -32 31 -18
-32 -19 -32 -14 -28 -28 -32 -32 31 -26
-32 -32 -32 -32 -32 -32 -32 -32 31 -27
-32 -32 -32 -17 -32 -26 -32 -32 15 -32
-32 -32 -32 -32 -32 -32 -32 -32 31 -30
-32 -32 -32 0 -32 -27 -32 -32 31 -29
-32 -32 -16 -7 -32 -32 -32 -32 31 -32
-32 -32 -31 -30 -32 -32 -32 -32 30 -32
-7 -32 -32 -19 -32 -6 -25 -32 31 -32
-32 -32 -25 -30 -32 -32 -32 -32 10 -32
-5 -32 -32 -32 -32 -27 -32 -32 21 -11
-32 -32 -9 -32 -32 -32 -32 -32 21 -32
-32 -32 -29 -25 -32 -32 -32 -32 31 -32
-32 -32 -32 -7 -32 -32 -32 -32 31 -32
-32 -32 -7 -20 -32 -32 -32 -32 -2 -32
-32 -32 -32 -32 -32 -32 -32 -32 16 -32
-32 -32 -23 -16 -32 -28 -32 -32 31 -32
-32 -32 -24 -21 -32 -32 -32 -32 31 -32
-32 -32 3 8 -32 -32 -32 -27 29 -32
-32 -32 -18 -32 -32 9 2 -32 26 -32
-32 -32 -18 -32 -32 -32 -32 -32 29 -32
-28 -32 -32 -32 -32 -5 -32 -32 14 -20
-32 -32 -18 -32 -32 -32 -32 -32 31 -32
-32 -32 -21 10 -32 -32 -32 -32 31 -26
-32 -32 -23 -32 -32 -22 -32 -32 26 -32
-32 -32 -3 0 -32 -32 -32 -32 31 -32
-32 -32 -32 -28 -32 -32 -32 -32 31 -32
-32 -32 -21 -28 -32 -32 -32 -32 31 -16
-32 -32 -32 -32 -32 -32 -32 -32 31 -32
-32 -32 -32 -12 -32 -31 -32 -32 19 -32
-32 -32 -32 -19 -32 -20 -32 -32 31 -21
-32 -32 -11 -32 -32 -32 -32 -32 31 -32
-32 -32 -8 -10 -32 -32 -32 -32 31 -32
-32 -32 -32 -32 -32 -32 -32 -32 31 -32
-32 -32 -13 -25 -32 -32 -32 -32 31 -32
-32 -32 -32 -32 -32 -32 -32 -32 4 -32
-32 -32 -30 -4 -32 -10 -32 -32 31 -32
-32 -32 -32 -32 -32 11 -6 -32 29 -28
-32 -32 -21 -19 -32 -32 -32 -32 22 -32
-32 -32 -30 1 -32 -32 -32 -24 15 -20
-32 -32 -32 -32 -32 -30 -32 -32 -32 31
-32 -32 -32 -32 -26 -32 -32 -30 -32 6
-32 -32 -32 -32 -32 -32 -32 -18 -32 23
-32 -32 -32 -28 -32 -32 -32 -15 -32 31
-29 -32 -32 -32 -2 -27 -32 -18 -32 28
-32 -32 -32 -32 -32 -32 -32 -17 -3 31
-32 -32 -32 -32 -16 -32 -32 -5 -32 31
-32 -32 -32 -32 2 -32 -32 -7 -32 24
-32 -32 -32 -32 -32 -32 -32 -11 -23 25
-32 -32 -32 -28 -31 -32 -32 -8 -32 31
-32 -32 -32 -30 -16 -26 -32 -32 -32 6
-32 -32 -32 -32 -32 -32 -32 -13 -18 24
-32 -32 -32 -22 -23 -32 -32 -32 -32 31
-32 -32 -32 -17 -17 -32 -32 -32 -24 -9
-32 -32 -32 -32 -27 -32 -32 -14 -32 31
-32 -32 -32 -30 -32 -32 -32 -5 -32 31
-32 -32 -32 -31 -32 -32 -32 -4 -13 24
-32 -32 -32 -22 -32 -32 -32 -10 -32 31
-32 -32 -32 -32 -32 -32 -32 -32 -21 30
-32 -32 -32 -32 -32 -32 -32 1 -32 19
-32 -32 -32 -24 -26 -32 -32 -13 -31 31
-32 -32 -32 -32 -28 -15 -32 0 -32 31
-32 -32 -32 -32 -20 -32 -32 -25 27 24
-32 -32 -32 -24 -32 -31 -32 -21 -32 20
-32 -32 -32 -24 -32 -27 -32 -32 -32 28
-32 -32 -32 -30 -16 -19 -32 -21 -32 31
-32 -32 -32 -27 -26 -31 -32 -32 -15 31
-32 -32 -32 -32 -32 -32 -32 -2 -32 31
-32 -32 -32 -32 -32 -32 -32 -32 -32 31
-32 -32 -32 -32 -18 -24 -32 -13 -32 29
-32 -32 -32 -32 -23 -32 -32 -30 -32 21
-32 -32 -32 -32 -23 -32 -32 -32 -25 31
-23 -32 -32 -32 -32 -32 -32 -8 -32 3
-32 -32 -32 -32 -2 -32 -32 -4 -32 31
-32 -32 -32 -32 -30 -32 -32 -32 -30 31
-32 -32 -32 -28 -18 -32 -32 -15 -32 31
-32 -32 -32 -32 -24 -32 -32 -20 -32 28
-32 -32 -32 -11 -22 -29 -32 -32 -3 12
-32 -32 -32 -6 -32 -32 -32 -13 -32 31
-32 -28 -32 -32 -15 -32 -32 -7 -12 26
-32 -32 -32 -32 -24 -32 -32 -12 -32 31
-32 -32 -32 -32 -21 -19 -32 -14 -32 31
-32 -32 -32 -20 -32 -32 -32 -20 -32 31
-32 -32 -32 -32 -32 -32 -32 -32 -32 28
-32 -32 -32 -32 -32 -32 -32 -9 -32 8
-32 -32 -32 -32 -17 -32 -32 -32 -32 31
-32 -32 -32 -29 -23 -32 -32 -15 -23 31
-32 -32 -32 -32 -32 -32 -32 -30 -28 27
-32 -32 -32 -28 31 -32 -32 -32 -32 14
-32 -32 -32 -32 -32 -32 -32 -32 -10 0
-32 -32 -32 -32 -11 -25 -32 -32 -32 21
-32 -32 -32 -32 -10 -32 -32 -9 -21 22
-32 -32 -32 -1 -32 -32 -32 -9 -32 27
-32 -32 -32 -14 -32 -32 -32 0 -5 31
-32 8 -32 -24 -8 -32 -32 -19 -32 14
-32 -32 -32 -9 -32 -32 -32 -20 -29 31
-32 -32 -32 -32 -17 -32 -32 -31 -32 31
-32 -32 -32 -29 -4 -19 -32 -32 -32 25
-32 -8 -32 -32 -32 -16 -32 -32 -18 28
-32 -32 -32 -17 -17 -32 -32 -20 -32 31
-32 -32 -32 -22 -32 -29 -32 -8 -22 31
-32 -32 -32 -23 -32 -20 -32 -32 -19 0
-32 -32 -32 -32 -9 -27 -32 -19 -32 25
-32 -32 -32 -19 -32 -32 -32 -24 -22 31
-32 -32 -32 -32 -18 -32 -32 -11 -29 26
-32 -32 -32 -19 -32 -32 -32 -3 -24 31
-32 -32 -32 -32 -30 -32 -32 -29 -13 22
-32 -32 -32 -32 -25 -32 -32 -1 -32 31
-32 -32 -32 -32 22 -32 -32 -21 -32 25
-32 -32 -32 -32 -32 -32 -32 -32 -32 31
-32 -32 -32 -20 -32 -32 -32 -29 -9 27
-32 -32 -32 -19 -32 -32 -32 -16 -32 31
-32 -32 -32 -32 -32 -32 -32 -32 -12 23
-32 -32 -32 -28 -32 -13 -32 -30 -32 24
-32 -32 -32 -32 -24 -32 -32 -26 -32 31
-32 -10 -32 -13 -32 6 -32 6 -32 -23
-32 -32 -32 -15 -32 -32 -32 -12 -29 24
-32 -32 -32 -32 -26 -28 -32 0 -32 31
-32 -32 -32 -32 -32 -32 -32 -22 -12 31
-32 -32 -32 -26 -32 -32 -32 -19 -32 31
-32 -32 -32 -14 -32 -32 -32 -21 -32 31
-32 -32 -32 -32 -31 -32 -32 -26 -32 31
-32 -32 -32 -32 -6 -32 -32 -28 -32 16
-32 -32 -32 -32 -32 -32 -32 -32 -32 29
-32 -32 -31 -32 -32 -32 -32 -20 -32 30
-32 -32 -32 -32 -32 -32 -32 -15 -29 31
-32 -32 -32 -32 -21 -32 -32 -9 -19 31
-32 -32 -32 -32 -20 -32 -32 2 -32 31
-32 -32 -32 -32 -23 -32 -32 -1 -32 31
-32 -32 -32 -32 -9 -15 -32 -24 -32 16
-32 -32 -32 -32 19 -32 -32 -32 -32 19
-32 -32 -32 -20 -26 -25 -32 -27 -32 31
-32 -32 -32 -32 9 -32 -32 -18 -11 31
-32 -32 -32 -32 -27 -21 -32 -15 -32 25
-32 -32 -32 -27 -24 -32 -32 -21 -26 31
-32 -32 -32 -32 -27 -32 -32 -2 -32 26
-32 -32 -32 -32 -32 -32 -32 -15 -32 28
-32 -32 -32 -25 -32 -32 -32 -32 -32 -6
-32 -17 -32 -26 -32 -25 -32 -11 7 8
-32 -32 -32 -32 -32 -32 -32 -24 -9 22
